 	Area	Mean	Min	Max	X	Y	XM	YM	Perim.	BX	BY	Width	Height	Major	Minor	Angle	Circ.	AR	Round	Solidity
1	1	255	255	255	0.500	0.500	0.500	0.500	2.828	0	0	1	1	1.128	1.128	0	1	1	1.000	1
2	4	255	255	255	100.500	0.750	100.500	0.750	7.071	99	0	3	2	2.734	1.863	0	1	1.468	0.681	0.800
3	1	255	255	255	135.500	0.500	135.500	0.500	2.828	135	0	1	1	1.128	1.128	0	1	1	1.000	1
4	12	255	255	255	177.500	0.917	177.500	0.917	15.071	174	0	7	2	6.944	2.200	0	0.664	3.156	0.317	0.923
5	11	255	255	255	185.864	1.409	185.864	1.409	11.071	184	0	4	3	4.384	3.195	15.071	1	1.372	0.729	0.957
6	15	255	255	255	209.233	2.567	209.233	2.567	13.314	207	0	4	5	5.235	3.648	62.451	1	1.435	0.697	0.882
7	11	255	255	255	244.227	1.227	244.227	1.227	11.899	242	0	5	3	4.738	2.956	9.992	0.976	1.603	0.624	0.880
8	41	255	255	255	273.622	4.354	273.622	4.354	27.799	269	0	9	8	10.807	4.831	40.663	0.667	2.237	0.447	0.781
9	1	255	255	255	279.500	0.500	279.500	0.500	2.828	279	0	1	1	1.128	1.128	0	1	1	1.000	1
10	3	255	255	255	282.500	0.500	282.500	0.500	6.243	281	0	3	1	3.385	1.128	0	0.967	3	0.333	1
11	5	255	255	255	333.100	0.700	333.100	0.700	9.071	331	0	4	2	3.732	1.706	174.848	0.764	2.188	0.457	0.769
12	1	255	255	255	405.500	0.500	405.500	0.500	2.828	405	0	1	1	1.128	1.128	0	1	1	1.000	1
13	12	255	255	255	87.333	2.417	87.333	2.417	11.899	85	1	5	3	4.911	3.111	170.583	1	1.579	0.633	0.889
14	21	255	255	255	27.119	4.500	27.119	4.500	16.142	24	2	6	5	6.020	4.442	141.343	1	1.355	0.738	0.857
15	57	255	255	255	262.605	6.640	262.605	6.640	28.971	259	2	8	10	10.652	6.813	67.643	0.853	1.564	0.640	0.870
16	9	255	255	255	194.611	4.833	194.611	4.833	10.485	193	3	3	4	3.919	2.924	69.699	1	1.340	0.746	0.857
17	2	255	255	255	332	4.500	332	4.500	4.243	331	4	2	1	2.257	1.128	0	1	2	0.500	1
18	1	255	255	255	280.500	7.500	280.500	7.500	2.828	280	7	1	1	1.128	1.128	0	1	1	1.000	1
19	16	255	255	255	337.500	10	337.500	10	13.314	335	8	5	4	4.963	4.105	0	1	1.209	0.827	0.889
20	4	255	255	255	235	10	235	10	5.657	234	9	2	2	2.257	2.257	0	1	1	1.000	1
21	2	255	255	255	212.500	11	212.500	11	4.828	212	10	1	2	2.257	1.128	90	1	2	0.500	1
22	25	255	255	255	312.740	12.540	312.740	12.540	17.314	310	10	6	5	6.416	4.962	152.969	1	1.293	0.773	0.926
23	35	255	255	255	348.214	13.557	348.214	13.557	21.556	345	10	7	7	7.140	6.242	140.481	0.947	1.144	0.874	0.875
24	4	255	255	255	195	12	195	12	5.657	194	11	2	2	2.257	2.257	0	1	1	1.000	1
25	8	255	255	255	207.250	12.750	207.250	12.750	10.485	205	11	4	3	3.797	2.682	172.982	0.914	1.416	0.706	0.800
26	18	255	255	255	268	14.222	268	14.222	15.899	266	11	4	6	5.864	3.908	65.817	0.895	1.500	0.667	0.878
27	17	255	255	255	174.500	15.441	174.500	15.441	18.142	172	12	6	6	7.041	3.074	47.614	0.649	2.290	0.437	0.708
28	1	255	255	255	272.500	12.500	272.500	12.500	2.828	272	12	1	1	1.128	1.128	0	1	1	1.000	1
29	70	255	255	255	10.171	19.543	10.171	19.543	31.213	6	14	9	11	10.863	8.204	107.867	0.903	1.324	0.755	0.886
30	2	255	255	255	95.500	15	95.500	15	4.828	95	14	1	2	2.257	1.128	90	1	2	0.500	1
31	9	255	255	255	296.389	16.167	296.389	16.167	10.485	295	14	3	4	3.919	2.924	69.699	1	1.340	0.746	0.857
32	19	255	255	255	393.974	16.500	393.974	16.500	17.314	391	14	5	5	5.008	4.831	118.862	0.796	1.037	0.965	0.864
33	1	255	255	255	353.500	15.500	353.500	15.500	2.828	353	15	1	1	1.128	1.128	0	1	1	1.000	1
34	6	255	255	255	43	17.500	43	17.500	7.657	42	16	2	3	3.385	2.257	90.000	1	1.500	0.667	1
35	15	255	255	255	142.367	17.967	142.367	17.967	13.314	140	16	5	4	4.640	4.116	14.036	1	1.127	0.887	0.857
36	6	255	255	255	210	17.500	210	17.500	7.657	209	16	2	3	3.385	2.257	90.000	1	1.500	0.667	1
37	19	255	255	255	288.658	18.763	288.658	18.763	15.899	286	16	5	5	5.559	4.352	144.280	0.944	1.277	0.783	0.864
38	15	255	255	255	332.633	17.967	332.633	17.967	13.314	330	16	5	4	4.640	4.116	165.964	1	1.127	0.887	0.857
39	3	255	255	255	31.833	17.833	31.833	17.833	5.657	31	17	2	2	2.365	1.615	45.000	1	1.464	0.683	0.857
40	2	255	255	255	76	17.500	76	17.500	4.243	75	17	2	1	2.257	1.128	0	1	2	0.500	1
41	23	255	255	255	279.543	19.848	279.543	19.848	18.142	276	17	7	5	6.315	4.637	4.804	0.878	1.362	0.734	0.821
42	29	255	255	255	309.190	21.052	309.190	21.052	19.314	306	18	6	6	6.984	5.287	38.325	0.977	1.321	0.757	0.906
43	1	255	255	255	80.500	19.500	80.500	19.500	2.828	80	19	1	1	1.128	1.128	0	1	1	1.000	1
44	11	255	255	255	225.591	20.682	225.591	20.682	13.314	223	19	5	4	5.426	2.581	33.019	0.780	2.102	0.476	0.759
45	29	255	255	255	167.500	23.914	167.500	23.914	19.556	164	21	7	6	7.758	4.759	151.500	0.953	1.630	0.613	0.853
46	4	255	255	255	181	22	181	22	5.657	180	21	2	2	2.257	2.257	0	1	1	1.000	1
47	2	255	255	255	89	22.500	89	22.500	4.243	88	22	2	1	2.257	1.128	0	1	2	0.500	1
48	5	255	255	255	95.300	22.900	95.300	22.900	7.071	94	22	3	2	3.144	2.025	18.435	1	1.553	0.644	0.909
49	20	255	255	255	397.400	24.450	397.400	24.450	15.314	395	22	5	5	5.251	4.849	63.435	1	1.083	0.923	0.889
50	23	255	255	255	17.804	26.283	17.804	26.283	18.142	15	23	5	7	6.564	4.462	80.828	0.878	1.471	0.680	0.836
51	69	255	255	255	37.717	30.370	37.717	30.370	42.527	32	23	11	14	12.823	6.851	120.308	0.479	1.871	0.534	0.693
52	45	255	255	255	374.967	27.722	374.967	27.722	24.142	372	23	6	9	8.987	6.376	87.176	0.970	1.410	0.709	0.928
53	12	255	255	255	144.417	26.250	144.417	26.250	13.314	142	24	5	4	4.627	3.302	150.945	0.851	1.401	0.714	0.774
54	10	255	255	255	173.700	26.500	173.700	26.500	10.485	172	25	4	3	3.966	3.210	0	1	1.236	0.809	0.909
55	33	255	255	255	357.773	29.045	357.773	29.045	21.556	355	25	6	8	7.827	5.368	61.089	0.892	1.458	0.686	0.846
56	1	255	255	255	42.500	26.500	42.500	26.500	2.828	42	26	1	1	1.128	1.128	0	1	1	1.000	1
57	16	255	255	255	242.500	28	242.500	28	13.314	240	26	5	4	4.963	4.105	0	1	1.209	0.827	0.889
58	9	255	255	255	388.389	29.167	388.389	29.167	10.485	387	27	3	4	3.919	2.924	69.699	1	1.340	0.746	0.857
59	4	255	255	255	363.250	29.500	363.250	29.500	7.657	362	28	2	3	2.734	1.863	90.000	0.857	1.468	0.681	0.800
60	12	255	255	255	299.500	30.917	299.500	30.917	13.314	297	29	5	4	5.096	2.998	42.788	0.851	1.699	0.588	0.800
61	33	255	255	255	124.318	33.167	124.318	33.167	23.556	120	30	8	6	8.067	5.208	166.055	0.747	1.549	0.646	0.825
62	4	255	255	255	141	31	141	31	5.657	140	30	2	2	2.257	2.257	0	1	1	1.000	1
63	4	255	255	255	28.750	32.500	28.750	32.500	7.657	28	31	2	3	2.734	1.863	90.000	0.857	1.468	0.681	0.800
64	24	255	255	255	303.583	34.542	303.583	34.542	18.142	301	31	5	7	6.417	4.762	68.165	0.916	1.348	0.742	0.842
65	1	255	255	255	379.500	31.500	379.500	31.500	2.828	379	31	1	1	1.128	1.128	0	1	1	1.000	1
66	10	255	255	255	175.700	33.800	175.700	33.800	11.071	174	32	3	4	4.456	2.857	108.222	1	1.559	0.641	0.909
67	8	255	255	255	186.375	35.250	186.375	35.250	13.314	184	33	5	4	5.940	1.715	30.488	0.567	3.464	0.289	0.615
68	3	255	255	255	213.833	35.167	213.833	35.167	5.657	213	34	2	2	2.365	1.615	135.000	1	1.464	0.683	0.857
69	5	255	255	255	366.500	35.500	366.500	35.500	8.485	365	34	3	3	2.523	2.523	0	0.873	1	1.000	0.714
70	114	255	255	255	296.228	42.781	296.228	42.781	47.941	290	36	13	15	16.068	9.034	117.253	0.623	1.779	0.562	0.794
71	2	255	255	255	58	37.500	58	37.500	4.243	57	37	2	1	2.257	1.128	0	1	2	0.500	1
72	15	255	255	255	215.967	39.367	215.967	39.367	13.314	214	37	4	5	4.640	4.116	75.964	1	1.127	0.887	0.857
73	1	255	255	255	203.500	40.500	203.500	40.500	2.828	203	40	1	1	1.128	1.128	0	1	1	1.000	1
74	9	255	255	255	238.944	41.833	238.944	41.833	10.485	237	40	4	3	4.196	2.731	173.953	1	1.536	0.651	0.857
75	15	255	255	255	252.900	43.167	252.900	43.167	18.728	250	40	5	6	6.157	3.102	52.988	0.537	1.985	0.504	0.698
76	64	255	255	255	312.125	46.484	312.125	46.484	28.971	308	42	9	9	9.903	8.229	119.352	0.958	1.203	0.831	0.914
77	8	255	255	255	166.625	44.375	166.625	44.375	9.071	165	43	3	3	3.538	2.879	135.000	1	1.229	0.814	0.941
78	10	255	255	255	99	46.500	99	46.500	10.485	97	45	4	3	4.444	2.865	26.565	1	1.551	0.645	0.909
79	15	255	255	255	281.500	47.900	281.500	47.900	14.728	279	45	5	5	4.688	4.074	90.000	0.869	1.151	0.869	0.789
80	3	255	255	255	201.833	47.833	201.833	47.833	5.657	201	47	2	2	2.365	1.615	45.000	1	1.464	0.683	0.857
81	2	255	255	255	43.500	49	43.500	49	4.828	43	48	1	2	2.257	1.128	90	1	2	0.500	1
82	1	255	255	255	122.500	49.500	122.500	49.500	2.828	122	49	1	1	1.128	1.128	0	1	1	1.000	1
83	2	255	255	255	1.500	51	1.500	51	4.828	1	50	1	2	2.257	1.128	90	1	2	0.500	1
84	5	255	255	255	337.100	51.300	337.100	51.300	7.657	336	50	2	3	3.144	2.025	108.435	1	1.553	0.644	0.909
85	8	255	255	255	62.375	52.375	62.375	52.375	9.071	61	51	3	3	3.538	2.879	45.000	1	1.229	0.814	0.941
86	4	255	255	255	183.500	54.250	183.500	54.250	7.071	182	53	3	2	2.734	1.863	0	1	1.468	0.681	0.800
87	24	255	255	255	309.167	56.375	309.167	56.375	16.728	306	54	6	5	6.111	5.001	160.395	1	1.222	0.818	0.906
88	49	255	255	255	316.622	58.827	316.622	58.827	26.385	313	54	7	9	9.670	6.452	115.038	0.885	1.499	0.667	0.899
89	4	255	255	255	155	56	155	56	5.657	154	55	2	2	2.257	2.257	0	1	1	1.000	1
90	3	255	255	255	196.500	57.500	196.500	57.500	6.828	196	56	1	3	3.385	1.128	90	0.809	3	0.333	1
91	3	255	255	255	329.500	57.500	329.500	57.500	6.828	329	56	1	3	3.385	1.128	90	0.809	3	0.333	1
92	3	255	255	255	101.833	57.833	101.833	57.833	5.657	101	57	2	2	2.365	1.615	45.000	1	1.464	0.683	0.857
93	95	255	255	255	204.026	66.500	204.026	66.500	44.284	199	58	9	18	15.741	7.684	92.900	0.609	2.048	0.488	0.805
94	17	255	255	255	252.853	60.265	252.853	60.265	15.556	250	58	6	5	6.209	3.486	34.823	0.883	1.781	0.561	0.773
95	20	255	255	255	114.400	61.200	114.400	61.200	15.899	112	59	5	5	5.446	4.675	159.090	0.994	1.165	0.858	0.889
96	41	255	255	255	232.646	62.378	232.646	62.378	23.314	229	59	7	7	7.600	6.869	97.654	0.948	1.106	0.904	0.911
97	12	255	255	255	298.917	61.250	298.917	61.250	13.314	297	59	4	5	4.605	3.318	105.767	0.851	1.388	0.720	0.774
98	9	255	255	255	171.500	61.500	171.500	61.500	9.657	170	60	3	3	3.385	3.385	0	1	1	1	1
99	8	255	255	255	308.375	61.375	308.375	61.375	9.071	307	60	3	3	3.538	2.879	45.000	1	1.229	0.814	0.941
100	5	255	255	255	399.700	62.100	399.700	62.100	7.657	398	61	3	2	3.144	2.025	18.435	1	1.553	0.644	0.909
101	9	255	255	255	226.056	64.833	226.056	64.833	11.314	224	63	4	4	5.150	2.225	40.269	0.884	2.314	0.432	0.783
102	18	255	255	255	244.889	66.556	244.889	66.556	19.314	243	63	4	7	7.871	2.912	77.241	0.606	2.703	0.370	0.766
103	1	255	255	255	281.500	64.500	281.500	64.500	2.828	281	64	1	1	1.128	1.128	0	1	1	1.000	1
104	1	255	255	255	1.500	67.500	1.500	67.500	2.828	1	67	1	1	1.128	1.128	0	1	1	1.000	1
105	16	255	255	255	47.062	69.625	47.062	69.625	17.556	44	68	7	4	6.178	3.297	17.847	0.652	1.874	0.534	0.762
106	20	255	255	255	375.250	70.750	375.250	70.750	15.314	373	68	5	5	5.142	4.953	135	1	1.038	0.963	0.909
107	19	255	255	255	394.658	70.342	394.658	70.342	14.728	392	68	5	5	5.301	4.564	135.000	1	1.161	0.861	0.884
108	16	255	255	255	72.500	71	72.500	71	13.314	70	69	5	4	4.963	4.105	0	1	1.209	0.827	0.889
109	8	255	255	255	92.375	70.750	92.375	70.750	10.485	91	69	3	4	4.444	2.292	54.645	0.914	1.939	0.516	0.842
110	5	255	255	255	194.900	70.700	194.900	70.700	7.657	194	69	2	3	3.144	2.025	108.435	1	1.553	0.644	0.909
111	7	255	255	255	220.786	70.500	220.786	70.500	9.071	219	69	3	3	3.086	2.888	90.000	1	1.069	0.936	0.875
112	10	255	255	255	59.500	72.300	59.500	72.300	11.071	58	70	3	4	3.966	3.210	90.000	1	1.236	0.809	0.909
113	2	255	255	255	153.500	71	153.500	71	4.828	153	70	1	2	2.257	1.128	90	1	2	0.500	1
114	8	255	255	255	298.250	71.125	298.250	71.125	10.485	296	70	4	3	3.824	2.664	162.704	0.914	1.435	0.697	0.842
115	9	255	255	255	178.056	72.167	178.056	72.167	10.485	176	71	4	3	4.196	2.731	173.953	1	1.536	0.651	0.857
116	6	255	255	255	190	73.500	190	73.500	7.657	189	72	2	3	3.385	2.257	90.000	1	1.500	0.667	1
117	3	255	255	255	154.833	74.167	154.833	74.167	5.657	154	73	2	2	2.365	1.615	135.000	1	1.464	0.683	0.857
118	4	255	255	255	346	74	346	74	5.657	345	73	2	2	2.257	2.257	0	1	1	1.000	1
119	25	255	255	255	158.420	78.340	158.420	78.340	20.728	155	75	7	6	7.565	4.208	31.005	0.731	1.798	0.556	0.746
120	2	255	255	255	328.500	76	328.500	76	4.828	328	75	1	2	2.257	1.128	90	1	2	0.500	1
121	3	255	255	255	0.833	76.833	0.833	76.833	5.657	0	76	2	2	2.365	1.615	45.000	1	1.464	0.683	0.857
122	1	255	255	255	101.500	76.500	101.500	76.500	2.828	101	76	1	1	1.128	1.128	0	1	1	1.000	1
123	1	255	255	255	269.500	77.500	269.500	77.500	2.828	269	77	1	1	1.128	1.128	0	1	1	1.000	1
124	5	255	255	255	276.700	78.100	276.700	78.100	7.657	275	77	3	2	3.144	2.025	18.435	1	1.553	0.644	0.909
125	6	255	255	255	241.500	80	241.500	80	7.657	240	79	3	2	3.385	2.257	0	1	1.500	0.667	1
126	50	255	255	255	317.100	82.360	317.100	82.360	29.556	311	79	11	7	11.154	5.707	177.550	0.719	1.954	0.512	0.820
127	129	255	255	255	371.895	92.903	371.895	92.903	69.497	365	80	16	21	16.701	9.835	126.736	0.336	1.698	0.589	0.573
128	16	255	255	255	392.188	82.312	392.188	82.312	13.899	390	80	4	5	5.130	3.971	85.163	1	1.292	0.774	0.889
129	4	255	255	255	0.750	82.500	0.750	82.500	7.657	0	81	2	3	2.734	1.863	90.000	0.857	1.468	0.681	0.800
130	2	255	255	255	216.500	82	216.500	82	4.828	216	81	1	2	2.257	1.128	90	1	2	0.500	1
131	62	255	255	255	52.742	90.661	52.742	90.661	31.799	48	85	10	10	12.042	6.556	139.325	0.771	1.837	0.544	0.832
132	4	255	255	255	59	86	59	86	5.657	58	85	2	2	2.257	2.257	0	1	1	1.000	1
133	30	255	255	255	10.967	89.900	10.967	89.900	20.142	8	86	6	7	6.934	5.509	77.203	0.929	1.259	0.795	0.857
134	2	255	255	255	232.500	87	232.500	87	4.828	232	86	1	2	2.257	1.128	90	1	2	0.500	1
135	3	255	255	255	236.500	87.500	236.500	87.500	6.828	236	86	1	3	3.385	1.128	90	0.809	3	0.333	1
136	15	255	255	255	310.633	87.967	310.633	87.967	13.314	308	86	5	4	4.640	4.116	165.964	1	1.127	0.887	0.857
137	3	255	255	255	212.500	89.500	212.500	89.500	6.828	212	88	1	3	3.385	1.128	90	0.809	3	0.333	1
138	7	255	255	255	203.786	90.500	203.786	90.500	9.071	202	89	3	3	3.086	2.888	90.000	1	1.069	0.936	0.875
139	23	255	255	255	390.630	94.065	390.630	94.065	21.556	388	90	6	7	7.277	4.024	60.877	0.622	1.808	0.553	0.730
140	5	255	255	255	352.900	92.700	352.900	92.700	7.657	352	91	2	3	3.144	2.025	108.435	1	1.553	0.644	0.909
141	11	255	255	255	224.591	93.864	224.591	93.864	11.071	223	92	3	4	4.384	3.195	105.071	1	1.372	0.729	0.957
142	4	255	255	255	247	94	247	94	5.657	246	93	2	2	2.257	2.257	0	1	1	1.000	1
143	11	255	255	255	202.136	96.045	202.136	96.045	11.314	200	94	4	4	3.994	3.507	71.565	1	1.139	0.878	0.815
144	32	255	255	255	295.969	97.188	295.969	97.188	20.728	293	94	6	7	7.466	5.457	126.910	0.936	1.368	0.731	0.889
145	6	255	255	255	174.333	96.667	174.333	96.667	8.485	173	95	3	3	3.140	2.433	45.000	1	1.291	0.775	0.800
146	13	255	255	255	234.885	96.885	234.885	96.885	11.899	233	95	4	4	4.380	3.779	135.000	1	1.159	0.863	0.897
147	2	255	255	255	282.500	97	282.500	97	4.828	282	96	1	2	2.257	1.128	90	1	2	0.500	1
148	21	255	255	255	37.500	99.500	37.500	99.500	15.314	35	97	5	5	5.171	5.171	0	1	1	1	0.913
149	10	255	255	255	178.300	98.500	178.300	98.500	11.071	176	97	4	3	3.966	3.210	0	1	1.236	0.809	0.909
150	4	255	255	255	197	98.500	197	98.500	7.657	196	97	2	3	3.216	1.583	121.717	0.857	2.031	0.492	0.800
151	8	255	255	255	356.625	98.625	356.625	98.625	9.071	355	97	3	3	3.538	2.879	45.000	1	1.229	0.814	0.941
152	4	255	255	255	32	99	32	99	5.657	31	98	2	2	2.257	2.257	0	1	1	1.000	1
153	15	255	255	255	54.700	101.367	54.700	101.367	16.728	52	98	5	6	6.064	3.150	53.327	0.674	1.925	0.519	0.714
154	19	255	255	255	94.500	100.868	94.500	100.868	15.314	92	98	5	5	5.486	4.410	147.467	1	1.244	0.804	0.884
155	12	255	255	255	184.917	100.250	184.917	100.250	11.899	183	98	4	4	4.424	3.453	32.067	1	1.281	0.780	0.857
156	3	255	255	255	398.167	99.833	398.167	99.833	5.657	397	99	2	2	2.365	1.615	135.000	1	1.464	0.683	0.857
157	5	255	255	255	3.700	101.900	3.700	101.900	7.657	2	101	3	2	3.144	2.025	161.565	1	1.553	0.644	0.909
158	30	255	255	255	10.867	104.500	10.867	104.500	19.556	7	102	8	5	7.891	4.841	11.754	0.986	1.630	0.613	0.882
159	14	255	255	255	24.143	104.571	24.143	104.571	15.314	22	102	4	6	5.614	3.175	93.563	0.750	1.768	0.566	0.757
160	24	255	255	255	80.542	105.792	80.542	105.792	17.314	78	103	5	6	5.766	5.299	111.038	1	1.088	0.919	0.889
161	3	255	255	255	295.167	103.833	295.167	103.833	5.657	294	103	2	2	2.365	1.615	135.000	1	1.464	0.683	0.857
162	6	255	255	255	267.667	105.667	267.667	105.667	8.485	266	104	3	3	3.140	2.433	135.000	1	1.291	0.775	0.800
163	10	255	255	255	134.200	106.800	134.200	106.800	11.314	132	105	4	4	3.975	3.203	135.000	0.982	1.241	0.806	0.800
164	5	255	255	255	46.900	107.300	46.900	107.300	7.657	46	106	2	3	3.144	2.025	71.565	1	1.553	0.644	0.909
165	7	255	255	255	93.500	107.214	93.500	107.214	9.071	92	106	3	3	3.086	2.888	0	1	1.069	0.936	0.875
166	16	255	255	255	235.125	110.688	235.125	110.688	13.899	233	108	4	5	5.652	3.604	58.039	1	1.568	0.638	0.914
167	21	255	255	255	74.262	112.214	74.262	112.214	16.728	72	109	5	6	5.523	4.841	105.623	0.943	1.141	0.876	0.840
168	11	255	255	255	185.864	110.409	185.864	110.409	11.071	184	109	4	3	4.384	3.195	15.071	1	1.372	0.729	0.957
169	2	255	255	255	84.500	111	84.500	111	4.828	84	110	1	2	2.257	1.128	90	1	2	0.500	1
170	3	255	255	255	305.167	111.167	305.167	111.167	5.657	304	110	2	2	2.365	1.615	45.000	1	1.464	0.683	0.857
171	46	255	255	255	272.957	114.087	272.957	114.087	26.385	268	111	9	7	9.429	6.212	156.304	0.830	1.518	0.659	0.885
172	4	255	255	255	108	114	108	114	5.657	107	113	2	2	2.257	2.257	0	1	1	1.000	1
173	8	255	255	255	45.625	115.375	45.625	115.375	9.071	44	114	3	3	3.538	2.879	135.000	1	1.229	0.814	0.941
174	5	255	255	255	62.700	114.900	62.700	114.900	7.657	61	114	3	2	3.144	2.025	161.565	1	1.553	0.644	0.909
175	9	255	255	255	225.944	116.167	225.944	116.167	11.314	224	114	4	4	3.990	2.872	124.573	0.884	1.390	0.720	0.750
176	8	255	255	255	212.625	116.375	212.625	116.375	9.071	211	115	3	3	3.538	2.879	135.000	1	1.229	0.814	0.941
177	9	255	255	255	217.500	117.500	217.500	117.500	9.657	216	116	3	3	3.385	3.385	0	1	1	1	1
178	3	255	255	255	51.833	118.167	51.833	118.167	5.657	51	117	2	2	2.365	1.615	135.000	1	1.464	0.683	0.857
179	1	255	255	255	167.500	117.500	167.500	117.500	2.828	167	117	1	1	1.128	1.128	0	1	1	1.000	1
180	7	255	255	255	360.500	118.786	360.500	118.786	9.071	359	117	3	3	3.086	2.888	0	1	1.069	0.936	0.875
181	14	255	255	255	349.929	120.429	349.929	120.429	13.314	348	118	4	5	4.701	3.792	110.724	0.993	1.240	0.807	0.824
182	12	255	255	255	394	120	394	120	11.314	392	118	4	4	3.909	3.909	0	1	1	1	0.857
183	5	255	255	255	159.900	120.700	159.900	120.700	7.657	159	119	2	3	3.144	2.025	108.435	1	1.553	0.644	0.909
184	2	255	255	255	370	119.500	370	119.500	4.243	369	119	2	1	2.257	1.128	0	1	2	0.500	1
185	18	255	255	255	96.222	122.111	96.222	122.111	15.314	93	120	6	4	5.698	4.022	12.236	0.965	1.416	0.706	0.878
186	1	255	255	255	273.500	120.500	273.500	120.500	2.828	273	120	1	1	1.128	1.128	0	1	1	1.000	1
187	3	255	255	255	20.167	121.833	20.167	121.833	5.657	19	121	2	2	2.365	1.615	135.000	1	1.464	0.683	0.857
188	6	255	255	255	117.500	122	117.500	122	7.657	116	121	3	2	3.385	2.257	0	1	1.500	0.667	1
189	25	255	255	255	327.980	124.300	327.980	124.300	18.142	325	121	6	6	5.718	5.566	137.450	0.954	1.027	0.973	0.847
190	1	255	255	255	12.500	122.500	12.500	122.500	2.828	12	122	1	1	1.128	1.128	0	1	1	1.000	1
191	4	255	255	255	47.250	123.500	47.250	123.500	7.657	46	122	2	3	2.734	1.863	90.000	0.857	1.468	0.681	0.800
192	2	255	255	255	366.500	123	366.500	123	4.828	366	122	1	2	2.257	1.128	90	1	2	0.500	1
193	20	255	255	255	27.300	125.900	27.300	125.900	18.142	24	123	6	6	6.195	4.110	46.487	0.764	1.507	0.663	0.784
194	6	255	255	255	180.667	126.333	180.667	126.333	8.485	179	125	3	3	3.140	2.433	45.000	1	1.291	0.775	0.800
195	23	255	255	255	160.413	128.587	160.413	128.587	17.314	157	126	6	5	6.154	4.758	29.295	0.964	1.293	0.773	0.885
196	12	255	255	255	266	128	266	128	11.314	264	126	4	4	3.909	3.909	0	1	1	1	0.857
197	10	255	255	255	17.100	128.800	17.100	128.800	11.314	15	127	4	4	5.015	2.539	144.563	0.982	1.976	0.506	0.800
198	2	255	255	255	130.500	128	130.500	128	4.828	130	127	1	2	2.257	1.128	90	1	2	0.500	1
199	1	255	255	255	198.500	127.500	198.500	127.500	2.828	198	127	1	1	1.128	1.128	0	1	1	1.000	1
200	1	255	255	255	32.500	128.500	32.500	128.500	2.828	32	128	1	1	1.128	1.128	0	1	1	1.000	1
201	64	255	255	255	48.562	133.719	48.562	133.719	32.284	43	129	11	10	11.422	7.134	144.862	0.772	1.601	0.625	0.826
202	58	255	255	255	114.586	133.466	114.586	133.466	29.213	110	129	10	9	10.741	6.875	42.269	0.854	1.562	0.640	0.847
203	9	255	255	255	256.167	130.389	256.167	130.389	10.485	254	129	4	3	3.919	2.924	20.301	1	1.340	0.746	0.857
204	5	255	255	255	61.900	131.300	61.900	131.300	7.657	61	130	2	3	3.144	2.025	71.565	1	1.553	0.644	0.909
205	3	255	255	255	154.167	131.167	154.167	131.167	5.657	153	130	2	2	2.365	1.615	45.000	1	1.464	0.683	0.857
206	28	255	255	255	368.071	133.321	368.071	133.321	18.971	365	130	6	7	6.615	5.389	62.192	0.978	1.227	0.815	0.836
207	5	255	255	255	351.100	132.300	351.100	132.300	7.657	350	131	2	3	3.144	2.025	108.435	1	1.553	0.644	0.909
208	32	255	255	255	340.938	135.594	340.938	135.594	22.142	337	132	7	7	7.041	5.786	91.130	0.820	1.217	0.822	0.821
209	1	255	255	255	322.500	135.500	322.500	135.500	2.828	322	135	1	1	1.128	1.128	0	1	1	1.000	1
210	5	255	255	255	357.500	136.500	357.500	136.500	8.485	356	135	3	3	2.523	2.523	0	0.873	1	1.000	0.714
211	10	255	255	255	228.800	138.900	228.800	138.900	12.485	227	136	3	5	4.474	2.846	76.036	0.806	1.572	0.636	0.800
212	7	255	255	255	352.214	137.500	352.214	137.500	8.485	351	136	3	3	3.086	2.888	90.000	1	1.069	0.936	0.875
213	17	255	255	255	153.382	139.029	153.382	139.029	16.728	150	137	6	4	5.750	3.764	179.857	0.763	1.527	0.655	0.810
214	5	255	255	255	382.500	138.500	382.500	138.500	8.485	381	137	3	3	2.523	2.523	0	0.873	1	1.000	0.714
215	11	255	255	255	94.136	139.682	94.136	139.682	11.899	92	138	4	4	4.900	2.859	142.125	0.976	1.714	0.583	0.846
216	33	255	255	255	182.712	141.136	182.712	141.136	20.971	179	138	7	7	7.186	5.847	133.363	0.943	1.229	0.814	0.857
217	8	255	255	255	160.625	140.625	160.625	140.625	9.071	159	139	3	3	3.538	2.879	45.000	1	1.229	0.814	0.941
218	1	255	255	255	59.500	140.500	59.500	140.500	2.828	59	140	1	1	1.128	1.128	0	1	1	1.000	1
219	2	255	255	255	377	140.500	377	140.500	4.243	376	140	2	1	2.257	1.128	0	1	2	0.500	1
220	1	255	255	255	130.500	141.500	130.500	141.500	2.828	130	141	1	1	1.128	1.128	0	1	1	1.000	1
221	1	255	255	255	397.500	142.500	397.500	142.500	2.828	397	142	1	1	1.128	1.128	0	1	1	1.000	1
222	1	255	255	255	151.500	143.500	151.500	143.500	2.828	151	143	1	1	1.128	1.128	0	1	1	1.000	1
223	1	255	255	255	218.500	143.500	218.500	143.500	2.828	218	143	1	1	1.128	1.128	0	1	1	1.000	1
224	6	255	255	255	298	144	298	144	9.071	296	143	4	2	3.988	1.916	18.435	0.916	2.082	0.480	0.857
225	10	255	255	255	200.100	147	200.100	147	11.314	198	145	4	4	3.970	3.207	6.524E-14	0.982	1.238	0.808	0.769
226	20	255	255	255	271.200	147.150	271.200	147.150	15.899	268	145	6	4	6.180	4.121	178.138	0.994	1.500	0.667	0.909
227	4	255	255	255	73	146.750	73	146.750	9.071	71	146	4	2	3.969	1.283	17.609	0.611	3.093	0.323	0.667
228	15	255	255	255	102.967	148.700	102.967	148.700	16.142	100	146	6	5	6.523	2.928	145.373	0.723	2.228	0.449	0.714
229	2	255	255	255	69	147.500	69	147.500	4.243	68	147	2	1	2.257	1.128	0	1	2	0.500	1
230	1	255	255	255	95.500	147.500	95.500	147.500	2.828	95	147	1	1	1.128	1.128	0	1	1	1.000	1
231	4	255	255	255	117	149	117	149	5.657	116	148	2	2	2.257	2.257	0	1	1	1.000	1
232	38	255	255	255	122.763	152	122.763	152	21.556	120	148	6	8	7.657	6.319	90.000	1	1.212	0.825	0.905
233	1	255	255	255	284.500	148.500	284.500	148.500	2.828	284	148	1	1	1.128	1.128	0	1	1	1.000	1
234	5	255	255	255	18.100	150.300	18.100	150.300	9.071	16	149	4	2	3.732	1.706	5.152	0.764	2.188	0.457	0.769
235	10	255	255	255	150.200	151.800	150.200	151.800	11.314	148	150	4	4	3.975	3.203	135.000	0.982	1.241	0.806	0.800
236	24	255	255	255	82.542	153.542	82.542	153.542	18.142	79	151	7	5	7.690	3.974	155.771	0.916	1.935	0.517	0.842
237	21	255	255	255	142.214	154.071	142.214	154.071	17.314	140	151	5	6	6.846	3.906	63.694	0.880	1.753	0.571	0.857
238	6	255	255	255	178.500	154	178.500	154	7.657	177	153	3	2	3.385	2.257	0	1	1.500	0.667	1
239	15	255	255	255	331.033	155.633	331.033	155.633	13.314	329	153	4	5	4.640	4.116	75.964	1	1.127	0.887	0.857
240	1	255	255	255	17.500	154.500	17.500	154.500	2.828	17	154	1	1	1.128	1.128	0	1	1	1.000	1
241	3	255	255	255	385.833	155.833	385.833	155.833	5.657	385	155	2	2	2.365	1.615	45.000	1	1.464	0.683	0.857
242	3	255	255	255	49.833	157.167	49.833	157.167	5.657	49	156	2	2	2.365	1.615	135.000	1	1.464	0.683	0.857
243	60	255	255	255	319.383	162.317	319.383	162.317	31.799	315	156	8	11	10.875	7.025	68.082	0.746	1.548	0.646	0.845
244	3	255	255	255	195.833	157.833	195.833	157.833	5.657	195	157	2	2	2.365	1.615	45.000	1	1.464	0.683	0.857
245	1	255	255	255	326.500	157.500	326.500	157.500	2.828	326	157	1	1	1.128	1.128	0	1	1	1.000	1
246	5	255	255	255	351.900	158.700	351.900	158.700	7.657	351	157	2	3	3.144	2.025	108.435	1	1.553	0.644	0.909
247	49	255	255	255	85.092	163.786	85.092	163.786	31.213	82	158	7	12	12.700	4.913	105.172	0.632	2.585	0.387	0.790
248	1	255	255	255	150.500	158.500	150.500	158.500	2.828	150	158	1	1	1.128	1.128	0	1	1	1.000	1
249	21	255	255	255	172.833	161.643	172.833	161.643	17.314	171	158	4	7	6.633	4.031	93.012	0.880	1.646	0.608	0.875
250	8	255	255	255	190.625	160.375	190.625	160.375	9.071	189	159	3	3	3.538	2.879	135.000	1	1.229	0.814	0.941
251	18	255	255	255	12.333	162.889	12.333	162.889	15.314	10	160	5	5	5.650	4.057	138.456	0.965	1.393	0.718	0.857
252	8	255	255	255	186	161.375	186	161.375	9.899	184	160	4	3	3.651	2.790	145.278	1	1.308	0.764	0.800
253	8	255	255	255	309	161.500	309	161.500	9.899	307	160	4	3	3.489	2.919	0	1	1.195	0.837	0.800
254	8	255	255	255	345.625	161.375	345.625	161.375	9.071	344	160	3	3	3.538	2.879	135.000	1	1.229	0.814	0.941
255	3	255	255	255	260.167	162.167	260.167	162.167	5.657	259	161	2	2	2.365	1.615	45.000	1	1.464	0.683	0.857
256	9	255	255	255	304.278	163.167	304.278	163.167	10.485	303	161	3	4	3.685	3.109	97.628	1	1.185	0.844	0.857
257	15	255	255	255	366.367	163.033	366.367	163.033	13.314	364	161	5	4	4.640	4.116	165.964	1	1.127	0.887	0.857
258	1	255	255	255	1.500	163.500	1.500	163.500	2.828	1	163	1	1	1.128	1.128	0	1	1	1.000	1
259	2	255	255	255	290.500	164	290.500	164	4.828	290	163	1	2	2.257	1.128	90	1	2	0.500	1
260	13	255	255	255	394.808	164.500	394.808	164.500	13.071	392	163	5	3	5.067	3.267	0	0.956	1.551	0.645	0.929
261	4	255	255	255	48	165	48	165	5.657	47	164	2	2	2.257	2.257	0	1	1	1.000	1
262	6	255	255	255	278.500	165	278.500	165	7.657	277	164	3	2	3.385	2.257	0	1	1.500	0.667	1
263	2	255	255	255	34	165.500	34	165.500	4.243	33	165	2	1	2.257	1.128	0	1	2	0.500	1
264	2	255	255	255	108	165.500	108	165.500	4.243	107	165	2	1	2.257	1.128	0	1	2	0.500	1
265	18	255	255	255	178.389	167.056	178.389	167.056	15.314	176	165	5	5	5.105	4.489	149.089	0.965	1.137	0.879	0.878
266	19	255	255	255	210.553	167.553	210.553	167.553	14.728	208	165	5	5	5.249	4.609	134.999	1	1.139	0.878	0.864
267	1	255	255	255	247.500	165.500	247.500	165.500	2.828	247	165	1	1	1.128	1.128	0	1	1	1.000	1
268	15	255	255	255	190.100	168.100	190.100	168.100	13.071	188	166	4	4	4.659	4.099	45.001	1	1.137	0.880	0.968
269	1	255	255	255	237.500	167.500	237.500	167.500	2.828	237	167	1	1	1.128	1.128	0	1	1	1.000	1
270	4	255	255	255	45.500	169	45.500	169	7.071	44	168	3	2	3.216	1.583	31.717	1	2.031	0.492	0.800
271	1	255	255	255	163.500	168.500	163.500	168.500	2.828	163	168	1	1	1.128	1.128	0	1	1	1.000	1
272	109	255	255	255	362.142	175.151	362.142	175.151	42.870	356	168	11	15	14.166	9.797	111.575	0.745	1.446	0.692	0.848
273	13	255	255	255	139.885	171.115	139.885	171.115	11.899	138	169	4	4	4.380	3.779	45.000	1	1.159	0.863	0.897
274	2	255	255	255	127	170.500	127	170.500	4.243	126	170	2	1	2.257	1.128	0	1	2	0.500	1
275	9	255	255	255	318.167	171.389	318.167	171.389	10.485	316	170	4	3	3.919	2.924	20.301	1	1.340	0.746	0.857
276	14	255	255	255	220.214	173	220.214	173	12.485	218	171	4	4	4.264	4.181	90.000	1	1.020	0.981	0.933
277	7	255	255	255	132.786	173.500	132.786	173.500	9.071	131	172	3	3	3.086	2.888	90.000	1	1.069	0.936	0.875
278	2	255	255	255	167	172.500	167	172.500	4.243	166	172	2	1	2.257	1.128	0	1	2	0.500	1
279	4	255	255	255	164	176	164	176	5.657	163	175	2	2	2.257	2.257	0	1	1	1.000	1
280	12	255	255	255	1.333	179.667	1.333	179.667	12.485	0	177	3	5	4.738	3.225	91.907	0.967	1.469	0.681	0.889
281	2	255	255	255	150.500	178	150.500	178	4.828	150	177	1	2	2.257	1.128	90	1	2	0.500	1
282	1	255	255	255	296.500	177.500	296.500	177.500	2.828	296	177	1	1	1.128	1.128	0	1	1	1.000	1
283	34	255	255	255	327.676	179.471	327.676	179.471	25.799	324	177	9	6	8.770	4.936	10.836	0.642	1.777	0.563	0.791
284	24	255	255	255	113.833	182.625	113.833	182.625	16.728	111	180	6	5	6.111	5.001	160.395	1	1.222	0.818	0.906
285	5	255	255	255	303.100	181.300	303.100	181.300	7.657	302	180	2	3	3.144	2.025	108.435	1	1.553	0.644	0.909
286	4	255	255	255	61	182	61	182	5.657	60	181	2	2	2.257	2.257	0	1	1	1.000	1
287	21	255	255	255	261.690	184.357	261.690	184.357	15.899	259	182	5	5	5.328	5.018	69.699	1	1.062	0.942	0.913
288	2	255	255	255	0.500	184	0.500	184	4.828	0	183	1	2	2.257	1.128	90	1	2	0.500	1
289	3	255	255	255	120.833	183.833	120.833	183.833	5.657	120	183	2	2	2.365	1.615	45.000	1	1.464	0.683	0.857
290	6	255	255	255	294.500	184	294.500	184	7.657	293	183	3	2	3.385	2.257	0	1	1.500	0.667	1
291	5	255	255	255	3.900	185.700	3.900	185.700	7.657	3	184	2	3	3.144	2.025	108.435	1	1.553	0.644	0.909
292	25	255	255	255	184.740	188.020	184.740	188.020	18.142	182	185	6	6	7.259	4.385	42.723	0.954	1.655	0.604	0.877
293	2	255	255	255	200	185.500	200	185.500	4.243	199	185	2	1	2.257	1.128	0	1	2	0.500	1
294	7	255	255	255	65.500	187.500	65.500	187.500	8.485	64	186	3	3	3.772	2.363	135.000	1	1.596	0.626	0.875
295	57	255	255	255	177.272	192.009	177.272	192.009	38.284	172	187	9	12	12.115	5.991	102.667	0.489	2.022	0.494	0.704
296	5	255	255	255	24.300	189.500	24.300	189.500	8.485	23	188	3	3	3.086	2.063	145.901	0.873	1.496	0.668	0.714
297	2	255	255	255	279.500	189	279.500	189	4.828	279	188	1	2	2.257	1.128	90	1	2	0.500	1
298	12	255	255	255	79.833	191.250	79.833	191.250	15.314	77	189	6	4	6.479	2.358	161.127	0.643	2.747	0.364	0.686
299	1	255	255	255	268.500	189.500	268.500	189.500	2.828	268	189	1	1	1.128	1.128	0	1	1	1.000	1
300	4	255	255	255	360	190	360	190	5.657	359	189	2	2	2.257	2.257	0	1	1	1.000	1
301	2	255	255	255	55.500	191	55.500	191	4.828	55	190	1	2	2.257	1.128	90	1	2	0.500	1
302	1	255	255	255	144.500	191.500	144.500	191.500	2.828	144	191	1	1	1.128	1.128	0	1	1	1.000	1
303	2	255	255	255	286	191.500	286	191.500	4.243	285	191	2	1	2.257	1.128	0	1	2	0.500	1
304	1	255	255	255	88.500	192.500	88.500	192.500	2.828	88	192	1	1	1.128	1.128	0	1	1	1.000	1
305	2	255	255	255	261.500	193	261.500	193	4.828	261	192	1	2	2.257	1.128	90	1	2	0.500	1
306	20	255	255	255	302.750	194.450	302.750	194.450	15.314	300	192	5	5	5.713	4.457	132.920	1	1.282	0.780	0.909
307	2	255	255	255	308	192.500	308	192.500	4.243	307	192	2	1	2.257	1.128	0	1	2	0.500	1
308	19	255	255	255	390.079	195.553	390.079	195.553	17.314	388	192	4	7	6.573	3.681	72.544	0.796	1.786	0.560	0.844
309	1	255	255	255	58.500	193.500	58.500	193.500	2.828	58	193	1	1	1.128	1.128	0	1	1	1.000	1
310	1	255	255	255	144.500	193.500	144.500	193.500	2.828	144	193	1	1	1.128	1.128	0	1	1	1.000	1
311	1	255	255	255	146.500	193.500	146.500	193.500	2.828	146	193	1	1	1.128	1.128	0	1	1	1.000	1
312	13	255	255	255	212.731	195.423	212.731	195.423	13.314	211	193	4	5	5.172	3.200	112.291	0.922	1.616	0.619	0.812
313	2	255	255	255	270.500	195	270.500	195	4.828	270	194	1	2	2.257	1.128	90	1	2	0.500	1
314	4	255	255	255	143	196	143	196	5.657	142	195	2	2	2.257	2.257	0	1	1	1.000	1
315	4	255	255	255	332.250	196.500	332.250	196.500	7.657	331	195	2	3	2.734	1.863	90.000	0.857	1.468	0.681	0.800
316	11	255	255	255	237.500	198.773	237.500	198.773	12.485	236	196	3	5	4.900	2.859	74.745	0.887	1.714	0.583	0.846
317	9	255	255	255	375.500	197.500	375.500	197.500	9.657	374	196	3	3	3.385	3.385	0	1	1	1	1
318	18	255	255	255	73.389	200.056	73.389	200.056	15.314	71	198	5	5	5.105	4.489	149.089	0.965	1.137	0.879	0.878
319	3	255	255	255	116.833	199.167	116.833	199.167	5.657	116	198	2	2	2.365	1.615	135.000	1	1.464	0.683	0.857
320	1	255	255	255	186.500	198.500	186.500	198.500	2.828	186	198	1	1	1.128	1.128	0	1	1	1.000	1
321	4	255	255	255	399	199	399	199	5.657	398	198	2	2	2.257	2.257	0	1	1	1.000	1
322	17	255	255	255	404.088	200.382	404.088	200.382	13.899	402	198	4	5	5.229	4.140	74.828	1	1.263	0.792	0.919
323	5	255	255	255	134.300	200.900	134.300	200.900	7.071	133	200	3	2	3.144	2.025	18.435	1	1.553	0.644	0.909
324	9	255	255	255	285.167	201.500	285.167	201.500	10.485	283	200	4	3	4.204	2.726	144.217	1	1.542	0.648	0.857
325	3	255	255	255	296.500	203.500	296.500	203.500	6.828	296	202	1	3	3.385	1.128	90	0.809	3	0.333	1
326	1	255	255	255	3.500	203.500	3.500	203.500	2.828	3	203	1	1	1.128	1.128	0	1	1	1.000	1
327	7	255	255	255	240.357	204.786	240.357	204.786	9.071	239	203	3	3	3.507	2.542	149.527	1	1.380	0.725	0.875
328	5	255	255	255	179.500	205.500	179.500	205.500	8.485	178	204	3	3	2.523	2.523	0	0.873	1	1.000	0.714
329	12	255	255	255	245.083	206.250	245.083	206.250	11.899	243	204	4	4	4.424	3.453	147.933	1	1.281	0.780	0.857
330	13	255	255	255	351.962	206.346	351.962	206.346	12.485	350	204	4	4	4.359	3.797	166.224	1	1.148	0.871	0.897
331	4	255	255	255	382	205	382	205	5.657	381	204	2	2	2.257	2.257	0	1	1	1.000	1
332	2	255	255	255	232.500	206	232.500	206	4.828	232	205	1	2	2.257	1.128	90	1	2	0.500	1
333	9	255	255	255	262.500	206.500	262.500	206.500	9.657	261	205	3	3	3.385	3.385	0	1	1	1	1
334	1	255	255	255	29.500	206.500	29.500	206.500	2.828	29	206	1	1	1.128	1.128	0	1	1	1.000	1
335	5	255	255	255	119.700	206.900	119.700	206.900	7.657	118	206	3	2	3.144	2.025	161.565	1	1.553	0.644	0.909
336	9	255	255	255	140.500	207.500	140.500	207.500	9.657	139	206	3	3	3.385	3.385	0	1	1	1	1
337	17	255	255	255	256.912	208.382	256.912	208.382	13.899	255	206	4	5	5.229	4.140	105.172	1	1.263	0.792	0.919
338	3	255	255	255	16.167	208.167	16.167	208.167	5.657	15	207	2	2	2.365	1.615	45.000	1	1.464	0.683	0.857
339	2	255	255	255	395	207.500	395	207.500	4.243	394	207	2	1	2.257	1.128	0	1	2	0.500	1
340	13	255	255	255	404.500	209.808	404.500	209.808	13.071	403	207	3	5	5.067	3.267	90.000	0.956	1.551	0.645	0.929
341	21	255	255	255	2.690	210.548	2.690	210.548	15.899	0	208	5	5	5.621	4.756	126.136	1	1.182	0.846	0.913
342	118	255	255	255	333.025	214.017	333.025	214.017	46.770	326	208	14	12	13.721	10.950	31.256	0.678	1.253	0.798	0.831
343	52	255	255	255	29.865	215.365	29.865	215.365	28.142	27	210	6	11	11.029	6.003	90.112	0.825	1.837	0.544	0.897
344	19	255	255	255	66.605	212.921	66.605	212.921	15.071	64	211	5	4	5.550	4.359	167.179	1	1.273	0.785	0.974
345	25	255	255	255	256.780	215.420	256.780	215.420	18.142	254	212	5	7	6.564	4.849	81.959	0.954	1.354	0.739	0.862
346	18	255	255	255	139.556	215.167	139.556	215.167	16.728	136	213	6	5	5.578	4.109	162.241	0.808	1.357	0.737	0.783
347	2	255	255	255	193.500	214	193.500	214	4.828	193	213	1	2	2.257	1.128	90	1	2	0.500	1
348	77	255	255	255	274.344	220.916	274.344	220.916	36.042	269	214	10	13	13.772	7.119	62.534	0.745	1.935	0.517	0.842
349	63	255	255	255	296.341	219.246	296.341	219.246	28.971	292	214	8	10	10.255	7.822	82.637	0.943	1.311	0.763	0.913
350	1	255	255	255	186.500	215.500	186.500	215.500	2.828	186	215	1	1	1.128	1.128	0	1	1	1.000	1
351	88	255	255	255	51.227	222.636	51.227	222.636	36.627	47	216	9	13	12.814	8.744	99.694	0.824	1.465	0.682	0.880
352	4	255	255	255	69	217	69	217	5.657	68	216	2	2	2.257	2.257	0	1	1	1.000	1
353	1	255	255	255	242.500	216.500	242.500	216.500	2.828	242	216	1	1	1.128	1.128	0	1	1	1.000	1
354	5	255	255	255	391.500	217.100	391.500	217.100	9.071	390	216	3	3	2.791	2.281	90.000	0.764	1.223	0.817	0.714
355	6	255	255	255	122	218.500	122	218.500	7.657	121	217	2	3	3.385	2.257	90.000	1	1.500	0.667	1
356	133	255	255	255	158.568	225.034	158.568	225.034	68.770	149	217	20	15	16.101	10.517	167.946	0.353	1.531	0.653	0.629
357	51	255	255	255	248.461	223.304	248.461	223.304	39.213	245	217	7	15	13.563	4.788	102.542	0.417	2.833	0.353	0.667
358	78	255	255	255	305.205	225.385	305.205	225.385	40.870	299	217	11	15	16.221	6.123	49.538	0.587	2.649	0.377	0.808
359	1	255	255	255	376.500	217.500	376.500	217.500	2.828	376	217	1	1	1.128	1.128	0	1	1	1.000	1
360	3	255	255	255	0.833	218.833	0.833	218.833	5.657	0	218	2	2	2.365	1.615	45.000	1	1.464	0.683	0.857
361	1	255	255	255	12.500	218.500	12.500	218.500	2.828	12	218	1	1	1.128	1.128	0	1	1	1.000	1
362	15	255	255	255	94.233	220.167	94.233	220.167	13.899	92	218	4	5	4.759	4.014	95.884	0.976	1.186	0.843	0.882
363	19	255	255	255	182.026	222.553	182.026	222.553	20.971	180	218	4	8	7.464	3.241	89.571	0.543	2.303	0.434	0.717
364	4	255	255	255	282	219	282	219	5.657	281	218	2	2	2.257	2.257	0	1	1	1.000	1
365	19	255	255	255	345.184	220.763	345.184	220.763	16.728	343	218	5	6	7.193	3.363	54.897	0.853	2.139	0.468	0.844
366	3	255	255	255	84.167	219.833	84.167	219.833	5.657	83	219	2	2	2.365	1.615	135.000	1	1.464	0.683	0.857
367	5	255	255	255	222.100	220.700	222.100	220.700	7.657	221	219	2	3	3.144	2.025	71.565	1	1.553	0.644	0.909
368	7	255	255	255	197.357	221.786	197.357	221.786	9.071	196	220	3	3	3.507	2.542	149.527	1	1.380	0.725	0.875
369	80	255	255	255	394.600	227.188	394.600	227.188	42.284	389	220	10	13	11.656	8.738	70.903	0.562	1.334	0.750	0.780
370	10	255	255	255	12.500	225.300	12.500	225.300	11.071	11	223	3	4	3.966	3.210	90.000	1	1.236	0.809	0.909
371	16	255	255	255	23.938	226	23.938	226	15.314	22	223	4	6	5.336	3.818	108.364	0.857	1.398	0.715	0.821
372	5	255	255	255	279.500	224.500	279.500	224.500	8.485	278	223	3	3	2.523	2.523	0	0.873	1	1.000	0.714
373	5	255	255	255	376.700	224.100	376.700	224.100	7.657	375	223	3	2	3.144	2.025	18.435	1	1.553	0.644	0.909
374	1	255	255	255	369.500	224.500	369.500	224.500	2.828	369	224	1	1	1.128	1.128	0	1	1	1.000	1
375	6	255	255	255	148	226.500	148	226.500	7.657	147	225	2	3	3.385	2.257	90.000	1	1.500	0.667	1
376	2	255	255	255	197	225.500	197	225.500	4.243	196	225	2	1	2.257	1.128	0	1	2	0.500	1
377	4	255	255	255	350	226	350	226	5.657	349	225	2	2	2.257	2.257	0	1	1	1.000	1
378	23	255	255	255	37.457	228.978	37.457	228.978	17.899	35	226	5	6	6.258	4.679	118.610	0.902	1.337	0.748	0.868
379	10	255	255	255	338.500	228.300	338.500	228.300	11.071	337	226	3	4	3.966	3.210	90.000	1	1.236	0.809	0.909
380	53	255	255	255	288.047	232.066	288.047	232.066	25.556	284	228	8	8	8.381	8.052	125.538	1	1.041	0.961	0.930
381	44	255	255	255	192.068	232.045	192.068	232.045	27.314	187	229	10	6	10.339	5.418	179.666	0.741	1.908	0.524	0.846
382	10	255	255	255	404	230.300	404	230.300	10.485	402	229	4	3	4.111	3.097	2.596E-14	1	1.327	0.753	0.909
383	4	255	255	255	378.250	231.250	378.250	231.250	7.657	377	230	3	2	3.192	1.596	161.565	0.857	2.000	0.500	0.800
384	2	255	255	255	345	231.500	345	231.500	4.243	344	231	2	1	2.257	1.128	0	1	2	0.500	1
385	20	255	255	255	367.650	233.800	367.650	233.800	16.142	365	231	5	6	5.534	4.601	63.988	0.965	1.203	0.831	0.851
386	25	255	255	255	43.500	235.580	43.500	235.580	19.314	41	232	5	7	7.423	4.288	97.485	0.842	1.731	0.578	0.833
387	4	255	255	255	79.250	233.500	79.250	233.500	7.657	78	232	2	3	2.734	1.863	90.000	0.857	1.468	0.681	0.800
388	10	255	255	255	61.700	234.500	61.700	234.500	13.899	59	233	5	4	4.940	2.577	142.210	0.650	1.917	0.522	0.714
389	25	255	255	255	73.260	237.020	73.260	237.020	20.142	71	233	5	8	7.401	4.301	108.619	0.774	1.721	0.581	0.833
390	18	255	255	255	301.556	235.278	301.556	235.278	15.314	299	233	5	5	5.785	3.961	126.608	0.965	1.460	0.685	0.857
391	41	255	255	255	380.378	236.451	380.378	236.451	25.556	376	233	9	7	9.210	5.668	14.029	0.789	1.625	0.615	0.812
392	13	255	255	255	404.115	236.577	404.115	236.577	13.314	402	234	4	5	4.616	3.586	52.161	0.922	1.287	0.777	0.812
393	16	255	255	255	187.625	237.188	187.625	237.188	14.728	185	235	5	5	4.683	4.350	60.767	0.927	1.076	0.929	0.821
394	13	255	255	255	256.654	236.962	256.654	236.962	12.485	255	235	4	4	4.359	3.797	76.224	1	1.148	0.871	0.897
395	4	255	255	255	98	239	98	239	5.657	97	238	2	2	2.257	2.257	0	1	1	1.000	1
396	39	255	255	255	206.833	241.756	206.833	241.756	24.142	203	238	8	7	7.551	6.576	167.615	0.841	1.148	0.871	0.839
397	2	255	255	255	246	238.500	246	238.500	4.243	245	238	2	1	2.257	1.128	0	1	2	0.500	1
398	4	255	255	255	315	239	315	239	5.657	314	238	2	2	2.257	2.257	0	1	1	1.000	1
399	43	255	255	255	13.988	243.384	13.988	243.384	27.213	10	239	8	9	9.393	5.829	127.739	0.730	1.612	0.621	0.819
400	30	255	255	255	278.633	242.900	278.633	242.900	20.728	276	239	5	8	8.606	4.438	72.240	0.877	1.939	0.516	0.882
401	27	255	255	255	325.204	242.056	325.204	242.056	18.728	322	239	6	6	6.811	5.047	135.748	0.967	1.349	0.741	0.885
402	3	255	255	255	79.167	240.833	79.167	240.833	5.657	78	240	2	2	2.365	1.615	135.000	1	1.464	0.683	0.857
403	12	255	255	255	88	242	88	242	11.314	86	240	4	4	3.909	3.909	0	1	1	1	0.857
404	4	255	255	255	227	241	227	241	5.657	226	240	2	2	2.257	2.257	0	1	1	1.000	1
405	1	255	255	255	250.500	240.500	250.500	240.500	2.828	250	240	1	1	1.128	1.128	0	1	1	1.000	1
406	3	255	255	255	352.167	241.167	352.167	241.167	5.657	351	240	2	2	2.365	1.615	45.000	1	1.464	0.683	0.857
407	1	255	255	255	376.500	240.500	376.500	240.500	2.828	376	240	1	1	1.128	1.128	0	1	1	1.000	1
408	12	255	255	255	347	242.500	347	242.500	11.657	345	241	4	3	4.514	3.385	0	1	1.333	0.750	1
409	2	255	255	255	42	242.500	42	242.500	4.243	41	242	2	1	2.257	1.128	0	1	2	0.500	1
410	73	255	255	255	159.596	247.596	159.596	247.596	30.728	155	243	9	9	9.720	9.563	87.261	0.972	1.016	0.984	0.954
411	6	255	255	255	194.333	245.667	194.333	245.667	8.485	193	244	3	3	3.140	2.433	45.000	1	1.291	0.775	0.800
412	20	255	255	255	399.550	246.650	399.550	246.650	16.728	397	244	5	6	5.803	4.388	112.605	0.898	1.323	0.756	0.816
413	8	255	255	255	57.375	246.375	57.375	246.375	9.071	56	245	3	3	3.538	2.879	45.000	1	1.229	0.814	0.941
414	13	255	255	255	137.038	247.962	137.038	247.962	13.899	135	245	4	5	4.903	3.376	66.697	0.846	1.453	0.688	0.812
415	1	255	255	255	263.500	245.500	263.500	245.500	2.828	263	245	1	1	1.128	1.128	0	1	1	1.000	1
416	64	255	255	255	180.547	250.531	180.547	250.531	36.385	173	246	14	8	14.371	5.670	14.089	0.608	2.534	0.395	0.757
417	4	255	255	255	115	248	115	248	5.657	114	247	2	2	2.257	2.257	0	1	1	1.000	1
418	6	255	255	255	378.667	248.333	378.667	248.333	8.485	377	247	3	3	3.140	2.433	45.000	1	1.291	0.775	0.800
419	9	255	255	255	321.500	249.500	321.500	249.500	9.657	320	248	3	3	3.385	3.385	0	1	1	1	1
420	13	255	255	255	148.885	252.038	148.885	252.038	15.314	147	249	4	6	5.839	2.835	69.860	0.697	2.060	0.486	0.743
421	18	255	255	255	268.889	252.222	268.889	252.222	15.314	267	249	4	6	5.698	4.022	102.236	0.965	1.416	0.706	0.878
422	8	255	255	255	334.375	250.375	334.375	250.375	9.071	333	249	3	3	3.538	2.879	45.000	1	1.229	0.814	0.941
423	55	255	255	255	357.773	254.518	357.773	254.518	28.627	353	249	9	10	9.711	7.211	48.293	0.843	1.347	0.743	0.821
424	18	255	255	255	404.444	252.111	404.444	252.111	17.314	402	249	4	7	6.950	3.298	105.279	0.755	2.107	0.475	0.837
425	19	255	255	255	4.132	252.395	4.132	252.395	18.142	1	250	6	5	7.052	3.431	29.822	0.725	2.056	0.486	0.792
426	14	255	255	255	126	252	126	252	12.485	124	250	4	4	4.849	3.676	45.000	1	1.319	0.758	0.933
427	45	255	255	255	252.233	252.922	252.233	252.922	25.799	247	250	10	7	8.825	6.493	174.093	0.850	1.359	0.736	0.857
428	4	255	255	255	53	252	53	252	5.657	52	251	2	2	2.257	2.257	0	1	1	1.000	1
429	2	255	255	255	120.500	252	120.500	252	4.828	120	251	1	2	2.257	1.128	90	1	2	0.500	1
430	4	255	255	255	302	253	302	253	5.657	301	252	2	2	2.257	2.257	0	1	1	1.000	1
431	68	255	255	255	371.912	257.441	371.912	257.441	31.213	367	252	9	10	10.382	8.340	90.557	0.877	1.245	0.803	0.889
432	14	255	255	255	101	254.786	101	254.786	12.485	99	253	4	4	4.264	4.181	2.771E-13	1	1.020	0.981	0.933
433	14	255	255	255	397.500	255	397.500	255	13.314	395	253	5	4	4.482	3.977	138.563	0.993	1.127	0.887	0.824
434	8	255	255	255	143.625	255.375	143.625	255.375	9.071	142	254	3	3	3.538	2.879	135.000	1	1.229	0.814	0.941
435	58	255	255	255	208.207	258.707	208.207	258.707	28.042	203	254	10	9	9.551	7.732	140.533	0.927	1.235	0.810	0.879
436	10	255	255	255	307	255.300	307	255.300	10.485	305	254	4	3	4.111	3.097	2.596E-14	1	1.327	0.753	0.909
437	5	255	255	255	311.700	255.100	311.700	255.100	7.657	310	254	3	2	3.144	2.025	18.435	1	1.553	0.644	0.909
438	8	255	255	255	130.375	256.625	130.375	256.625	9.071	129	255	3	3	3.538	2.879	135.000	1	1.229	0.814	0.941
439	58	255	255	255	234.690	259.569	234.690	259.569	29.799	230	255	9	10	9.306	7.935	142.945	0.821	1.173	0.853	0.841
440	41	255	255	255	331.354	260.866	331.354	260.866	27.799	328	255	7	10	8.635	6.046	80.906	0.667	1.428	0.700	0.766
441	9	255	255	255	381.056	257.056	381.056	257.056	11.314	379	255	4	4	5.269	2.175	45.000	0.884	2.423	0.413	0.750
442	10	255	255	255	393.200	256.800	393.200	256.800	11.314	391	255	4	4	3.975	3.203	135.000	0.982	1.241	0.806	0.800
443	15	255	255	255	20.900	258.100	20.900	258.100	13.071	19	256	4	4	4.659	4.099	135.000	1	1.137	0.880	0.968
444	1	255	255	255	347.500	256.500	347.500	256.500	2.828	347	256	1	1	1.128	1.128	0	1	1	1.000	1
445	2	255	255	255	107.500	258	107.500	258	4.828	107	257	1	2	2.257	1.128	90	1	2	0.500	1
446	20	255	255	255	139.250	259.450	139.250	259.450	15.314	137	257	5	5	5.713	4.457	47.080	1	1.282	0.780	0.909
447	5	255	255	255	173.100	258.700	173.100	258.700	7.657	172	257	2	3	3.144	2.025	71.565	1	1.553	0.644	0.909
448	3	255	255	255	284.833	258.167	284.833	258.167	5.657	284	257	2	2	2.365	1.615	135.000	1	1.464	0.683	0.857
449	14	255	255	255	118.786	260	118.786	260	12.485	117	258	4	4	4.264	4.181	90.000	1	1.020	0.981	0.933
450	200	255	255	255	351.960	271.890	351.960	271.890	87.497	337	261	26	19	22.656	11.240	24.938	0.328	2.016	0.496	0.598
451	14	255	255	255	98.429	264.357	98.429	264.357	13.071	97	262	3	5	5.443	3.275	82.839	1	1.662	0.602	0.966
452	26	255	255	255	149.500	265	149.500	265	17.314	147	262	5	6	6.259	5.289	90.000	1	1.184	0.845	0.929
453	3	255	255	255	365.167	262.833	365.167	262.833	5.657	364	262	2	2	2.365	1.615	135.000	1	1.464	0.683	0.857
454	1	255	255	255	221.500	264.500	221.500	264.500	2.828	221	264	1	1	1.128	1.128	0	1	1	1.000	1
455	96	255	255	255	275.552	270.052	275.552	270.052	42.042	269	264	13	12	15.024	8.136	155.699	0.683	1.847	0.542	0.817
456	4	255	255	255	137	266	137	266	5.657	136	265	2	2	2.257	2.257	0	1	1	1.000	1
457	11	255	255	255	335.045	267.318	335.045	267.318	11.899	333	265	4	4	4.507	3.107	41.028	0.976	1.450	0.689	0.846
458	6	255	255	255	8	267.500	8	267.500	7.657	7	266	2	3	3.385	2.257	90.000	1	1.500	0.667	1
459	1	255	255	255	15.500	266.500	15.500	266.500	2.828	15	266	1	1	1.128	1.128	0	1	1	1.000	1
460	23	255	255	255	60.935	268.587	60.935	268.587	18.728	58	266	6	6	7.503	3.903	41.606	0.824	1.923	0.520	0.821
461	1	255	255	255	105.500	266.500	105.500	266.500	2.828	105	266	1	1	1.128	1.128	0	1	1	1.000	1
462	7	255	255	255	218.500	267.500	218.500	267.500	8.485	217	266	3	3	3.772	2.363	135.000	1	1.596	0.626	0.875
463	2	255	255	255	240.500	267	240.500	267	4.828	240	266	1	2	2.257	1.128	90	1	2	0.500	1
464	1	255	255	255	290.500	267.500	290.500	267.500	2.828	290	267	1	1	1.128	1.128	0	1	1	1.000	1
465	6	255	255	255	401	268.500	401	268.500	7.657	400	267	2	3	3.385	2.257	90.000	1	1.500	0.667	1
466	6	255	255	255	250	269.500	250	269.500	10.485	248	268	4	3	4.594	1.663	160.670	0.686	2.763	0.362	0.667
467	20	255	255	255	305.750	270.750	305.750	270.750	15.314	303	268	5	5	5.142	4.953	45.003	1	1.038	0.963	0.909
468	17	255	255	255	324.500	269.618	324.500	269.618	15.314	322	268	6	4	5.771	3.750	18.757	0.911	1.539	0.650	0.895
469	21	255	255	255	392.929	270.786	392.929	270.786	16.728	390	268	5	6	5.909	4.525	69.522	0.943	1.306	0.766	0.857
470	7	255	255	255	233.500	270.786	233.500	270.786	9.071	232	269	3	3	3.086	2.888	0	1	1.069	0.936	0.875
471	12	255	255	255	35.333	272.500	35.333	272.500	13.314	33	270	4	5	4.257	3.589	90.000	0.851	1.186	0.843	0.800
472	3	255	255	255	39.500	271.500	39.500	271.500	6.828	39	270	1	3	3.385	1.128	90	0.809	3	0.333	1
473	4	255	255	255	196	271	196	271	5.657	195	270	2	2	2.257	2.257	0	1	1	1.000	1
474	26	255	255	255	260.385	273.038	260.385	273.038	18.142	257	270	6	6	5.817	5.691	165.345	0.993	1.022	0.978	0.852
475	6	255	255	255	61	274	61	274	9.657	60	272	2	4	3.988	1.916	71.565	0.809	2.082	0.480	0.857
476	2	255	255	255	311	274.500	311	274.500	4.243	310	274	2	1	2.257	1.128	0	1	2	0.500	1
477	1	255	255	255	98.500	275.500	98.500	275.500	2.828	98	275	1	1	1.128	1.128	0	1	1	1.000	1
478	75	255	255	255	138.207	279.740	138.207	279.740	31.799	133	275	10	10	10.694	8.930	138.740	0.932	1.198	0.835	0.898
479	8	255	255	255	166.375	276.625	166.375	276.625	9.071	165	275	3	3	3.538	2.879	135.000	1	1.229	0.814	0.941
480	16	255	255	255	72.125	278.188	72.125	278.188	14.728	69	276	6	4	6.174	3.299	154.728	0.927	1.871	0.534	0.842
481	1	255	255	255	174.500	276.500	174.500	276.500	2.828	174	276	1	1	1.128	1.128	0	1	1	1.000	1
482	6	255	255	255	311.667	277.667	311.667	277.667	8.485	310	276	3	3	3.140	2.433	135.000	1	1.291	0.775	0.800
483	17	255	255	255	40.382	278.912	40.382	278.912	13.899	38	277	5	4	5.229	4.140	164.828	1	1.263	0.792	0.919
484	40	255	255	255	51.175	280.350	51.175	280.350	22.971	47	277	8	7	8.612	5.914	150.970	0.953	1.456	0.687	0.870
485	51	255	255	255	288.716	284.127	288.716	284.127	40.042	285	277	7	15	13.274	4.892	101.876	0.400	2.714	0.369	0.671
486	5	255	255	255	323.700	277.900	323.700	277.900	7.657	322	277	3	2	3.144	2.025	161.565	1	1.553	0.644	0.909
487	25	255	255	255	213.620	280.780	213.620	280.780	19.556	210	278	7	6	8.124	3.918	146.350	0.821	2.073	0.482	0.820
488	24	255	255	255	392.750	280.667	392.750	280.667	17.899	390	278	6	5	6.064	5.039	25.712	0.941	1.203	0.831	0.889
489	25	255	255	255	371.660	281.900	371.660	281.900	22.971	367	279	9	5	8.703	3.657	9.091	0.595	2.380	0.420	0.694
490	32	255	255	255	34.688	283.125	34.688	283.125	22.971	31	280	8	7	8.627	4.723	146.162	0.762	1.827	0.547	0.771
491	53	255	255	255	124.028	284.519	124.028	284.519	26.971	120	280	8	9	9.147	7.378	121.641	0.916	1.240	0.807	0.876
492	44	255	255	255	155.364	283.727	155.364	283.727	23.556	152	280	7	8	7.890	7.100	111.399	0.996	1.111	0.900	0.898
493	12	255	255	255	273.167	281.583	273.167	281.583	12.485	271	280	4	4	4.314	3.542	145.278	0.967	1.218	0.821	0.889
494	1	255	255	255	328.500	280.500	328.500	280.500	2.828	328	280	1	1	1.128	1.128	0	1	1	1.000	1
495	17	255	255	255	353.853	284.912	353.853	284.912	15.314	352	282	4	6	5.313	4.074	79.004	0.911	1.304	0.767	0.850
496	11	255	255	255	386.136	284.045	386.136	284.045	11.314	384	282	4	4	3.994	3.507	71.565	1	1.139	0.878	0.815
497	1	255	255	255	74.500	283.500	74.500	283.500	2.828	74	283	1	1	1.128	1.128	0	1	1	1.000	1
498	11	255	255	255	112.409	285.136	112.409	285.136	11.071	111	283	3	4	4.384	3.195	105.071	1	1.372	0.729	0.957
499	8	255	255	255	237.250	285.250	237.250	285.250	11.899	235	283	4	4	4.351	2.341	45.000	0.710	1.859	0.538	0.696
500	55	255	255	255	326.427	287.209	326.427	287.209	29.799	322	283	9	10	9.225	7.591	45.449	0.778	1.215	0.823	0.846
501	3	255	255	255	64.833	284.833	64.833	284.833	5.657	64	284	2	2	2.365	1.615	45.000	1	1.464	0.683	0.857
502	21	255	255	255	163.881	287.214	163.881	287.214	16.142	161	285	6	5	5.413	4.940	6.047	1	1.096	0.913	0.857
503	108	255	255	255	12.889	292.463	12.889	292.463	39.698	7	286	13	13	12.251	11.224	33.804	0.861	1.092	0.916	0.867
504	63	255	255	255	48.198	289.738	48.198	289.738	38.870	41	286	13	9	12.477	6.429	5.584	0.524	1.941	0.515	0.696
505	17	255	255	255	256.382	287.912	256.382	287.912	13.899	254	286	5	4	5.229	4.140	164.828	1	1.263	0.792	0.919
506	2	255	255	255	319.500	287	319.500	287	4.828	319	286	1	2	2.257	1.128	90	1	2	0.500	1
507	4	255	255	255	176	288	176	288	5.657	175	287	2	2	2.257	2.257	0	1	1	1.000	1
508	77	255	255	255	242.045	292.578	242.045	292.578	34.284	236	287	12	11	12.672	7.737	137.194	0.823	1.638	0.611	0.819
509	4	255	255	255	343.750	288.500	343.750	288.500	7.657	343	287	2	3	2.734	1.863	90.000	0.857	1.468	0.681	0.800
510	4	255	255	255	79	289	79	289	5.657	78	288	2	2	2.257	2.257	0	1	1	1.000	1
511	7	255	255	255	190.929	290.500	190.929	290.500	11.899	189	288	4	4	4.559	1.955	128.562	0.621	2.332	0.429	0.700
512	8	255	255	255	367.375	290.625	367.375	290.625	9.071	366	289	3	3	3.538	2.879	135.000	1	1.229	0.814	0.941
513	19	255	255	255	400.342	293.342	400.342	293.342	14.728	398	291	5	5	5.301	4.564	45.001	1	1.161	0.861	0.884
514	2	255	255	255	169	292.500	169	292.500	4.243	168	292	2	1	2.257	1.128	0	1	2	0.500	1
515	27	255	255	255	69.611	295.315	69.611	295.315	20.971	66	293	8	5	7.250	4.742	179.438	0.772	1.529	0.654	0.818
516	66	255	255	255	185.879	299.545	185.879	299.545	41.113	180	294	10	13	12.510	6.717	106.752	0.491	1.862	0.537	0.688
517	12	255	255	255	252.500	297	252.500	297	11.657	251	295	3	4	4.514	3.385	90.000	1	1.333	0.750	1
518	4	255	255	255	293	296	293	296	5.657	292	295	2	2	2.257	2.257	0	1	1	1.000	1
519	3	255	255	255	52.167	297.167	52.167	297.167	5.657	51	296	2	2	2.365	1.615	45.000	1	1.464	0.683	0.857
520	2	255	255	255	151.500	297	151.500	297	4.828	151	296	1	2	2.257	1.128	90	1	2	0.500	1
521	73	255	255	255	302.884	302.432	302.884	302.432	36.627	298	296	10	12	10.893	8.533	59.077	0.684	1.277	0.783	0.785
522	19	255	255	255	323.026	298.500	323.026	298.500	15.899	320	296	5	5	5.133	4.713	90.000	0.944	1.089	0.918	0.905
523	2	255	255	255	358	296.500	358	296.500	4.243	357	296	2	1	2.257	1.128	0	1	2	0.500	1
524	2	255	255	255	73.500	298	73.500	298	4.828	73	297	1	2	2.257	1.128	90	1	2	0.500	1
525	30	255	255	255	377.733	300.500	377.733	300.500	22.971	374	297	7	7	7.150	5.343	111.432	0.714	1.338	0.747	0.779
526	20	255	255	255	147.450	300.600	147.450	300.600	14.728	145	298	5	5	5.251	4.849	153.435	1	1.083	0.923	0.889
527	3	255	255	255	386.833	299.167	386.833	299.167	5.657	386	298	2	2	2.365	1.615	135.000	1	1.464	0.683	0.857
528	4	255	255	255	132	300	132	300	5.657	131	299	2	2	2.257	2.257	0	1	1	1.000	1
529	1	255	255	255	200.500	299.500	200.500	299.500	2.828	200	299	1	1	1.128	1.128	0	1	1	1.000	1
530	6	255	255	255	280.500	301.333	280.500	301.333	10.485	279	299	3	4	4.339	1.761	125.249	0.686	2.464	0.406	0.667
531	2	255	255	255	15.500	301	15.500	301	4.828	15	300	1	2	2.257	1.128	90	1	2	0.500	1
532	2	255	255	255	29	300.500	29	300.500	4.243	28	300	2	1	2.257	1.128	0	1	2	0.500	1
533	6	255	255	255	108	301.500	108	301.500	7.657	107	300	2	3	3.385	2.257	90.000	1	1.500	0.667	1
534	23	255	255	255	134.891	303.761	134.891	303.761	17.556	132	301	6	6	6.827	4.290	40.316	0.938	1.591	0.628	0.821
535	8	255	255	255	226.375	302.375	226.375	302.375	9.071	225	301	3	3	3.538	2.879	45.000	1	1.229	0.814	0.941
536	102	255	255	255	237.157	308.314	237.157	308.314	43.456	232	301	11	15	12.799	10.147	90.338	0.679	1.261	0.793	0.803
537	8	255	255	255	254.375	302.375	254.375	302.375	9.071	253	301	3	3	3.538	2.879	45.000	1	1.229	0.814	0.941
538	3	255	255	255	31.167	303.167	31.167	303.167	5.657	30	302	2	2	2.365	1.615	45.000	1	1.464	0.683	0.857
539	1	255	255	255	114.500	302.500	114.500	302.500	2.828	114	302	1	1	1.128	1.128	0	1	1	1.000	1
540	6	255	255	255	386.500	303	386.500	303	7.657	385	302	3	2	3.385	2.257	0	1	1.500	0.667	1
541	3	255	255	255	68.833	305.167	68.833	305.167	5.657	68	304	2	2	2.365	1.615	135.000	1	1.464	0.683	0.857
542	58	255	255	255	153.621	307.086	153.621	307.086	33.213	148	304	11	7	11.785	6.266	170.311	0.661	1.881	0.532	0.829
543	14	255	255	255	271.143	306.286	271.143	306.286	13.314	269	304	4	5	4.746	3.756	114.358	0.993	1.264	0.791	0.848
544	1	255	255	255	280.500	304.500	280.500	304.500	2.828	280	304	1	1	1.128	1.128	0	1	1	1.000	1
545	28	255	255	255	375.536	306.964	375.536	306.964	20.142	372	304	7	6	7.819	4.560	147.429	0.867	1.715	0.583	0.836
546	6	255	255	255	98.500	306	98.500	306	7.657	97	305	3	2	3.385	2.257	0	1	1.500	0.667	1
547	16	255	255	255	169.500	307.438	169.500	307.438	14.142	167	305	5	5	4.767	4.274	63.146	1	1.115	0.897	0.800
548	1	255	255	255	392.500	305.500	392.500	305.500	2.828	392	305	1	1	1.128	1.128	0	1	1	1.000	1
549	20	255	255	255	334.750	308.650	334.750	308.650	15.899	332	306	5	5	6.101	4.174	50.330	0.994	1.461	0.684	0.909
550	1	255	255	255	79.500	307.500	79.500	307.500	2.828	79	307	1	1	1.128	1.128	0	1	1	1.000	1
551	50	255	255	255	182	312.240	182	312.240	36.527	178	307	9	11	9.102	6.994	86.517	0.471	1.301	0.768	0.694
552	28	255	255	255	404.107	311.357	404.107	311.357	22.142	401	307	5	9	7.484	4.763	92.021	0.718	1.571	0.636	0.836
553	4	255	255	255	18	309	18	309	5.657	17	308	2	2	2.257	2.257	0	1	1	1.000	1
554	12	255	255	255	192.917	312	192.917	312	15.314	191	309	4	6	6.220	2.456	115.612	0.643	2.532	0.395	0.686
555	9	255	255	255	316.389	311.278	316.389	311.278	11.071	314	310	4	3	4.200	2.729	150.482	0.923	1.539	0.650	0.900
556	71	255	255	255	95.049	316.894	95.049	316.894	31.799	91	311	9	11	10.230	8.837	61.758	0.882	1.158	0.864	0.893
557	90	255	255	255	166.578	316.189	166.578	316.189	38.627	160	311	12	11	12.031	9.524	142.391	0.758	1.263	0.792	0.861
558	1	255	255	255	271.500	311.500	271.500	311.500	2.828	271	311	1	1	1.128	1.128	0	1	1	1.000	1
559	41	255	255	255	110.939	315.524	110.939	315.524	23.556	107	312	8	7	8.448	6.179	15.647	0.928	1.367	0.731	0.863
560	7	255	255	255	358.500	313.500	358.500	313.500	8.485	357	312	3	3	3.772	2.363	135.000	1	1.596	0.626	0.875
561	1	255	255	255	399.500	312.500	399.500	312.500	2.828	399	312	1	1	1.128	1.128	0	1	1	1.000	1
562	45	255	255	255	126.656	317.922	126.656	317.922	25.799	122	314	9	8	9.823	5.833	43.909	0.850	1.684	0.594	0.857
563	5	255	255	255	25.700	315.900	25.700	315.900	7.657	24	315	3	2	3.144	2.025	161.565	1	1.553	0.644	0.909
564	2	255	255	255	29	315.500	29	315.500	4.243	28	315	2	1	2.257	1.128	0	1	2	0.500	1
565	8	255	255	255	227.375	316.625	227.375	316.625	9.071	226	315	3	3	3.538	2.879	135.000	1	1.229	0.814	0.941
566	1	255	255	255	279.500	315.500	279.500	315.500	2.828	279	315	1	1	1.128	1.128	0	1	1	1.000	1
567	2	255	255	255	305.500	316	305.500	316	4.828	305	315	1	2	2.257	1.128	90	1	2	0.500	1
568	3	255	255	255	397.833	315.833	397.833	315.833	5.657	397	315	2	2	2.365	1.615	45.000	1	1.464	0.683	0.857
569	8	255	255	255	285.375	317.625	285.375	317.625	9.071	284	316	3	3	3.538	2.879	135.000	1	1.229	0.814	0.941
570	5	255	255	255	336.300	318.500	336.300	318.500	8.485	335	317	3	3	3.086	2.063	34.099	0.873	1.496	0.668	0.714
571	5	255	255	255	144.100	318.900	144.100	318.900	9.071	142	318	4	2	4.076	1.562	159.006	0.764	2.610	0.383	0.769
572	4	255	255	255	316	319	316	319	5.657	315	318	2	2	2.257	2.257	0	1	1	1.000	1
573	1	255	255	255	17.500	319.500	17.500	319.500	2.828	17	319	1	1	1.128	1.128	0	1	1	1.000	1
574	1	255	255	255	236.500	319.500	236.500	319.500	2.828	236	319	1	1	1.128	1.128	0	1	1	1.000	1
575	2	255	255	255	248.500	320	248.500	320	4.828	248	319	1	2	2.257	1.128	90	1	2	0.500	1
576	68	255	255	255	31.603	324.691	31.603	324.691	30.385	27	320	9	10	10.630	8.145	132.695	0.926	1.305	0.766	0.913
577	4	255	255	255	55	321	55	321	5.657	54	320	2	2	2.257	2.257	0	1	1	1.000	1
578	2	255	255	255	131	320.500	131	320.500	4.243	130	320	2	1	2.257	1.128	0	1	2	0.500	1
579	29	255	255	255	382.603	322.741	382.603	322.741	19.556	379	320	7	6	6.701	5.510	3.589	0.953	1.216	0.822	0.853
580	13	255	255	255	317.885	324.269	317.885	324.269	12.485	316	322	4	4	4.253	3.892	120.964	1	1.093	0.915	0.897
581	4	255	255	255	352	323	352	323	5.657	351	322	2	2	2.257	2.257	0	1	1	1.000	1
582	57	255	255	255	201.360	328.974	201.360	328.974	35.698	195	324	12	10	12.354	5.874	42.498	0.562	2.103	0.475	0.755
583	46	255	255	255	41.935	328.457	41.935	328.457	27.799	37	325	10	7	9.571	6.120	23.809	0.748	1.564	0.639	0.821
584	65	255	255	255	63.931	329.792	63.931	329.792	31.799	58	325	11	9	10.189	8.123	24.640	0.808	1.254	0.797	0.823
585	20	255	255	255	145.900	328.550	145.900	328.550	18.142	143	325	5	7	7.485	3.402	117.618	0.764	2.200	0.455	0.800
586	8	255	255	255	253.625	326.375	253.625	326.375	9.071	252	325	3	3	3.538	2.879	135.000	1	1.229	0.814	0.941
587	51	255	255	255	261.520	333.853	261.520	333.853	35.698	257	327	9	13	13.576	4.783	115.640	0.503	2.839	0.352	0.703
588	15	255	255	255	322.100	328.900	322.100	328.900	13.071	320	327	4	4	4.659	4.099	135.000	1	1.137	0.880	0.968
589	3	255	255	255	272.167	328.833	272.167	328.833	5.657	271	328	2	2	2.365	1.615	135.000	1	1.464	0.683	0.857
590	80	255	255	255	394.412	336.062	394.412	336.062	38.870	391	328	9	15	14.756	6.903	106.295	0.665	2.138	0.468	0.812
591	27	255	255	255	158.241	333.278	158.241	333.278	21.314	156	329	4	9	8.924	3.852	86.816	0.747	2.317	0.432	0.871
592	32	255	255	255	179.062	332.844	179.062	332.844	20.142	176	329	6	7	6.760	6.027	108.574	0.991	1.122	0.892	0.889
593	94	255	255	255	21.351	334.319	21.351	334.319	40.870	14	330	14	9	13.658	8.763	1.781	0.707	1.559	0.642	0.855
594	8	255	255	255	247.500	332	247.500	332	10.485	246	330	3	4	3.489	2.919	90.000	0.914	1.195	0.837	0.800
595	59	255	255	255	187.415	338.432	187.415	338.432	32.042	183	332	9	11	10.143	7.406	86.752	0.722	1.370	0.730	0.803
596	15	255	255	255	278.567	335.167	278.567	335.167	14.485	277	332	3	6	5.975	3.197	95.414	0.898	1.869	0.535	0.909
597	3	255	255	255	316.833	334.167	316.833	334.167	5.657	316	333	2	2	2.365	1.615	135.000	1	1.464	0.683	0.857
598	9	255	255	255	302.611	335.833	302.611	335.833	10.485	301	334	3	4	3.919	2.924	69.699	1	1.340	0.746	0.857
599	7	255	255	255	82.214	336.500	82.214	336.500	8.485	81	335	3	3	3.086	2.888	90.000	1	1.069	0.936	0.875
600	3	255	255	255	320.833	335.833	320.833	335.833	5.657	320	335	2	2	2.365	1.615	45.000	1	1.464	0.683	0.857
601	1	255	255	255	53.500	336.500	53.500	336.500	2.828	53	336	1	1	1.128	1.128	0	1	1	1.000	1
602	2	255	255	255	61	336.500	61	336.500	4.243	60	336	2	1	2.257	1.128	0	1	2	0.500	1
603	7	255	255	255	65.500	338.214	65.500	338.214	9.071	64	337	3	3	3.086	2.888	0	1	1.069	0.936	0.875
604	7	255	255	255	164.500	338.214	164.500	338.214	9.071	163	337	3	3	3.086	2.888	0	1	1.069	0.936	0.875
605	6	255	255	255	197.500	339	197.500	339	7.657	196	338	3	2	3.385	2.257	0	1	1.500	0.667	1
606	6	255	255	255	244	339.500	244	339.500	7.657	243	338	2	3	3.385	2.257	90.000	1	1.500	0.667	1
607	16	255	255	255	101.875	341.750	101.875	341.750	13.899	100	339	4	5	4.841	4.208	75.128	1	1.150	0.869	0.889
608	5	255	255	255	247.900	340.300	247.900	340.300	7.657	247	339	2	3	3.144	2.025	71.565	1	1.553	0.644	0.909
609	1	255	255	255	322.500	339.500	322.500	339.500	2.828	322	339	1	1	1.128	1.128	0	1	1	1.000	1
610	8	255	255	255	357.500	341	357.500	341	10.485	356	339	3	4	3.489	2.919	90.000	0.914	1.195	0.837	0.800
611	4	255	255	255	20	341	20	341	5.657	19	340	2	2	2.257	2.257	0	1	1	1.000	1
612	2	255	255	255	149.500	341	149.500	341	4.828	149	340	1	2	2.257	1.128	90	1	2	0.500	1
613	15	255	255	255	284.900	341.900	284.900	341.900	13.071	283	340	4	4	4.659	4.099	45.001	1	1.137	0.880	0.968
614	33	255	255	255	11.924	344.258	11.924	344.258	24.728	9	341	6	8	8.050	5.219	94.860	0.678	1.542	0.648	0.795
615	21	255	255	255	120.119	342.929	120.119	342.929	20.142	117	341	7	4	7.170	3.729	172.372	0.650	1.922	0.520	0.808
616	6	255	255	255	0.833	344	0.833	344	9.657	0	342	2	4	3.718	2.055	90.000	0.809	1.809	0.553	0.857
617	59	255	255	255	81.636	346.653	81.636	346.653	29.213	76	342	11	8	10.546	7.123	9.067	0.869	1.481	0.675	0.837
618	2	255	255	255	201	342.500	201	342.500	4.243	200	342	2	1	2.257	1.128	0	1	2	0.500	1
619	12	255	255	255	349	343.500	349	343.500	11.657	347	342	4	3	4.514	3.385	0	1	1.333	0.750	1
620	16	255	255	255	91.625	345.062	91.625	345.062	14.728	89	343	6	4	5.476	3.720	0.402	0.927	1.472	0.679	0.821
621	3	255	255	255	66.167	345.167	66.167	345.167	5.657	65	344	2	2	2.365	1.615	45.000	1	1.464	0.683	0.857
622	2	255	255	255	255	344.500	255	344.500	4.243	254	344	2	1	2.257	1.128	0	1	2	0.500	1
623	127	255	255	255	268.846	353.634	268.846	353.634	67.012	262	344	12	20	18.522	8.730	101.621	0.355	2.122	0.471	0.679
624	13	255	255	255	299.038	346.115	299.038	346.115	12.485	297	344	4	4	4.899	3.378	39.265	1	1.450	0.690	0.897
625	45	255	255	255	393.367	347.944	393.367	347.944	22.971	390	344	7	8	8.120	7.056	114.875	1	1.151	0.869	0.918
626	9	255	255	255	59.500	346.500	59.500	346.500	9.657	58	345	3	3	3.385	3.385	0	1	1	1	1
627	12	255	255	255	377.167	346.833	377.167	346.833	11.899	375	345	4	4	5.023	3.042	135.000	1	1.651	0.606	0.889
628	15	255	255	255	180.433	348.967	180.433	348.967	15.314	177	347	6	4	5.500	3.472	175.657	0.804	1.584	0.631	0.789
629	55	255	255	255	370.718	354.609	370.718	354.609	35.213	367	347	8	13	11.953	5.859	75.046	0.557	2.040	0.490	0.738
630	4	255	255	255	189.500	348.750	189.500	348.750	7.071	188	348	3	2	2.734	1.863	0	1	1.468	0.681	0.800
631	37	255	255	255	220.068	351.662	220.068	351.662	21.899	217	348	6	7	7.721	6.102	72.483	0.969	1.265	0.790	0.937
632	25	255	255	255	294.980	351.060	294.980	351.060	18.142	292	348	6	6	6.122	5.200	77.476	0.954	1.177	0.849	0.847
633	7	255	255	255	328.643	349.929	328.643	349.929	10.485	327	348	3	4	3.516	2.535	100.901	0.800	1.387	0.721	0.737
634	2	255	255	255	248.500	350	248.500	350	4.828	248	349	1	2	2.257	1.128	90	1	2	0.500	1
635	109	255	255	255	142.583	356.858	142.583	356.858	50.184	134	350	16	13	13.781	10.070	30.876	0.544	1.368	0.731	0.770
636	1	255	255	255	168.500	350.500	168.500	350.500	2.828	168	350	1	1	1.128	1.128	0	1	1	1.000	1
637	1	255	255	255	17.500	351.500	17.500	351.500	2.828	17	351	1	1	1.128	1.128	0	1	1	1.000	1
638	4	255	255	255	90	352.500	90	352.500	7.657	89	351	2	3	3.216	1.583	58.283	0.857	2.031	0.492	0.800
639	1	255	255	255	92.500	351.500	92.500	351.500	2.828	92	351	1	1	1.128	1.128	0	1	1	1.000	1
640	1	255	255	255	278.500	351.500	278.500	351.500	2.828	278	351	1	1	1.128	1.128	0	1	1	1.000	1
641	15	255	255	255	288.367	353.033	288.367	353.033	13.314	286	351	5	4	4.640	4.116	165.964	1	1.127	0.887	0.857
642	5	255	255	255	128.500	353.500	128.500	353.500	8.485	127	352	3	3	3.732	1.706	148.283	0.873	2.188	0.457	0.714
643	30	255	255	255	8.833	357.367	8.833	357.367	21.556	6	354	6	7	7.311	5.224	121.006	0.811	1.399	0.715	0.845
644	1	255	255	255	33.500	354.500	33.500	354.500	2.828	33	354	1	1	1.128	1.128	0	1	1	1.000	1
645	12	255	255	255	52.083	355.750	52.083	355.750	11.899	50	354	4	4	4.424	3.453	32.067	1	1.281	0.780	0.857
646	14	255	255	255	315.857	355.786	315.857	355.786	13.071	314	354	4	4	4.699	3.794	35.515	1	1.239	0.807	0.933
647	2	255	255	255	354	354.500	354	354.500	4.243	353	354	2	1	2.257	1.128	0	1	2	0.500	1
648	47	255	255	255	396.649	359.160	396.649	359.160	28.385	393	354	7	10	10.330	5.793	75.519	0.733	1.783	0.561	0.817
649	33	255	255	255	207.561	359.288	207.561	359.288	26.385	203	355	9	8	9.790	4.292	29.606	0.596	2.281	0.438	0.702
650	9	255	255	255	307.722	357.611	307.722	357.611	13.314	306	355	4	5	5.719	2.004	127.372	0.638	2.854	0.350	0.692
651	22	255	255	255	332.591	357.591	332.591	357.591	15.899	330	355	5	5	5.554	5.043	134.999	1	1.101	0.908	0.936
652	14	255	255	255	42.786	358.643	42.786	358.643	13.899	40	357	5	4	4.833	3.688	3.563	0.911	1.310	0.763	0.848
653	15	255	255	255	254.100	358.900	254.100	358.900	13.071	252	357	4	4	4.659	4.099	135.000	1	1.137	0.880	0.968
654	1	255	255	255	379.500	357.500	379.500	357.500	2.828	379	357	1	1	1.128	1.128	0	1	1	1.000	1
655	5	255	255	255	226.100	359.300	226.100	359.300	7.657	225	358	2	3	3.144	2.025	108.435	1	1.553	0.644	0.909
656	19	255	255	255	298.500	361.500	298.500	361.500	15.314	296	359	5	5	6.374	3.796	135.000	1	1.679	0.596	0.905
657	4	255	255	255	0.500	362	0.500	362	8.828	0	360	1	4	4.514	1.128	90	0.645	4	0.250	1
658	13	255	255	255	34.038	361.654	34.038	361.654	12.485	32	360	4	4	4.359	3.797	166.224	1	1.148	0.871	0.897
659	46	255	255	255	173.043	362.652	173.043	362.652	27.799	168	360	10	6	10.450	5.605	177.858	0.748	1.864	0.536	0.836
660	7	255	255	255	220.786	361.500	220.786	361.500	9.071	219	360	3	3	3.086	2.888	90.000	1	1.069	0.936	0.875
661	5	255	255	255	318.700	361.900	318.700	361.900	7.657	317	361	3	2	3.144	2.025	161.565	1	1.553	0.644	0.909
662	69	255	255	255	356.732	366.949	356.732	366.949	38.870	352	361	10	12	11.748	7.478	72.653	0.574	1.571	0.637	0.746
663	3	255	255	255	122.833	363.167	122.833	363.167	5.657	122	362	2	2	2.365	1.615	135.000	1	1.464	0.683	0.857
664	26	255	255	255	335.538	364.692	335.538	364.692	20.142	331	362	8	5	6.816	4.857	0.269	0.805	1.403	0.713	0.825
665	16	255	255	255	28.562	365.688	28.562	365.688	14.728	26	363	5	5	5.198	3.919	69.301	0.927	1.326	0.754	0.800
666	15	255	255	255	113.567	364.367	113.567	364.367	14.485	111	363	6	3	6.053	3.155	10.559	0.898	1.919	0.521	0.938
667	18	255	255	255	263.500	365.167	263.500	365.167	14.485	261	363	5	4	5.349	4.285	0	1	1.248	0.801	0.947
668	10	255	255	255	305	364.300	305	364.300	10.485	303	363	4	3	4.111	3.097	2.596E-14	1	1.327	0.753	0.909
669	2	255	255	255	39	364.500	39	364.500	4.243	38	364	2	1	2.257	1.128	0	1	2	0.500	1
670	11	255	255	255	225.227	366.136	225.227	366.136	11.899	223	364	4	4	4.216	3.322	156.801	0.976	1.269	0.788	0.815
671	2	255	255	255	238	364.500	238	364.500	4.243	237	364	2	1	2.257	1.128	0	1	2	0.500	1
672	1	255	255	255	309.500	364.500	309.500	364.500	2.828	309	364	1	1	1.128	1.128	0	1	1	1.000	1
673	3	255	255	255	194.167	365.833	194.167	365.833	5.657	193	365	2	2	2.365	1.615	135.000	1	1.464	0.683	0.857
674	4	255	255	255	242	366	242	366	5.657	241	365	2	2	2.257	2.257	0	1	1	1.000	1
675	1	255	255	255	394.500	365.500	394.500	365.500	2.828	394	365	1	1	1.128	1.128	0	1	1	1.000	1
676	1	255	255	255	14.500	366.500	14.500	366.500	2.828	14	366	1	1	1.128	1.128	0	1	1	1.000	1
677	43	255	255	255	46.407	370.407	46.407	370.407	29.799	43	366	7	10	10.501	5.214	84.066	0.609	2.014	0.496	0.754
678	49	255	255	255	57.173	371.806	57.173	371.806	32.627	53	366	10	10	11.393	5.476	148.247	0.578	2.081	0.481	0.721
679	11	255	255	255	250.864	368.045	250.864	368.045	11.314	249	366	4	4	3.994	3.507	108.435	1	1.139	0.878	0.815
680	3	255	255	255	160.500	368.167	160.500	368.167	7.071	159	367	3	2	3.213	1.189	151.845	0.754	2.702	0.370	0.667
681	7	255	255	255	320.500	368.929	320.500	368.929	10.485	319	367	3	4	3.690	2.416	123.401	0.800	1.527	0.655	0.737
682	18	255	255	255	304	370.278	304	370.278	14.485	302	368	4	5	5.282	4.339	90.000	1	1.218	0.821	0.947
683	15	255	255	255	229.900	371.100	229.900	371.100	13.071	228	369	4	4	4.659	4.099	135.000	1	1.137	0.880	0.968
684	4	255	255	255	337.500	370.250	337.500	370.250	7.071	336	369	3	2	2.734	1.863	0	1	1.468	0.681	0.800
685	6	255	255	255	162	372.333	162	372.333	9.899	160	371	4	3	3.931	1.943	149.036	0.769	2.023	0.494	0.706
686	46	255	255	255	314.696	374.413	314.696	374.413	24.385	310	371	9	7	8.306	7.051	161.818	0.972	1.178	0.849	0.893
687	20	255	255	255	324.600	373.850	324.600	373.850	16.142	322	371	5	6	6.108	4.169	125.210	0.965	1.465	0.683	0.833
688	51	255	255	255	79.069	376.324	79.069	376.324	31.456	75	372	9	10	8.571	7.576	51.091	0.648	1.131	0.884	0.750
689	54	255	255	255	377.685	376.852	377.685	376.852	27.799	373	372	9	9	9.710	7.081	37.705	0.878	1.371	0.729	0.844
690	5	255	255	255	11.500	374.500	11.500	374.500	8.485	10	373	3	3	2.523	2.523	0	0.873	1	1.000	0.714
691	24	255	255	255	388.125	375.625	388.125	375.625	18.142	385	373	7	5	7.405	4.127	150.836	0.916	1.794	0.557	0.873
692	9	255	255	255	26.500	375.500	26.500	375.500	9.657	25	374	3	3	3.385	3.385	0	1	1	1	1
693	6	255	255	255	151.667	376.667	151.667	376.667	8.485	150	375	3	3	3.140	2.433	135.000	1	1.291	0.775	0.800
694	3	255	255	255	31.500	376.500	31.500	376.500	6.243	30	376	3	1	3.385	1.128	0	0.967	3	0.333	1
695	11	255	255	255	141.955	377.864	141.955	377.864	11.314	140	376	4	4	3.994	3.507	18.435	1	1.139	0.878	0.815
696	4	255	255	255	176	377	176	377	5.657	175	376	2	2	2.257	2.257	0	1	1	1.000	1
697	1	255	255	255	192.500	376.500	192.500	376.500	2.828	192	376	1	1	1.128	1.128	0	1	1	1.000	1
698	39	255	255	255	22.551	380.628	22.551	380.628	21.556	19	377	7	7	7.663	6.480	137.437	1	1.182	0.846	0.907
699	88	255	255	255	280.091	382.841	280.091	382.841	40.042	274	377	11	12	13.268	8.445	109.793	0.690	1.571	0.636	0.819
700	1	255	255	255	298.500	377.500	298.500	377.500	2.828	298	377	1	1	1.128	1.128	0	1	1	1.000	1
701	6	255	255	255	72	379.500	72	379.500	7.657	71	378	2	3	3.385	2.257	90.000	1	1.500	0.667	1
702	1	255	255	255	119.500	378.500	119.500	378.500	2.828	119	378	1	1	1.128	1.128	0	1	1	1.000	1
703	6	255	255	255	106.167	380.500	106.167	380.500	9.899	104	379	4	3	3.416	2.236	0	0.769	1.528	0.655	0.667
704	32	255	255	255	359.594	384.188	359.594	384.188	24.971	357	379	5	10	9.426	4.322	73.359	0.645	2.181	0.459	0.821
705	3	255	255	255	365.167	380.167	365.167	380.167	5.657	364	379	2	2	2.365	1.615	45.000	1	1.464	0.683	0.857
706	7	255	255	255	181.214	381.500	181.214	381.500	8.485	180	380	3	3	3.086	2.888	90.000	1	1.069	0.936	0.875
707	12	255	255	255	321.333	382.917	321.333	382.917	13.071	320	380	3	5	5.065	3.017	107.137	0.883	1.679	0.596	0.923
708	107	255	255	255	127.192	389.145	127.192	389.145	48.770	120	381	16	15	17.971	7.581	132.764	0.565	2.370	0.422	0.751
709	6	255	255	255	230.667	382.667	230.667	382.667	8.485	229	381	3	3	3.140	2.433	135.000	1	1.291	0.775	0.800
710	22	255	255	255	270.591	383.591	270.591	383.591	15.899	268	381	5	5	5.554	5.043	134.999	1	1.101	0.908	0.936
711	10	255	255	255	316.200	382.200	316.200	382.200	11.899	314	381	5	3	4.857	2.621	179.523	0.887	1.853	0.540	0.800
712	10	255	255	255	52	384.300	52	384.300	10.485	50	383	4	3	4.111	3.097	2.596E-14	1	1.327	0.753	0.909
713	27	255	255	255	139.056	385.278	139.056	385.278	18.485	136	383	6	5	6.546	5.252	172.809	0.993	1.246	0.802	0.947
714	8	255	255	255	349	384.500	349	384.500	9.899	347	383	4	3	3.489	2.919	0	1	1.195	0.837	0.800
715	12	255	255	255	368.167	385.250	368.167	385.250	11.899	366	383	4	4	4.164	3.669	160.195	1	1.135	0.881	0.857
716	5	255	255	255	35.500	385.500	35.500	385.500	8.485	34	384	3	3	3.732	1.706	58.283	0.873	2.188	0.457	0.714
717	61	255	255	255	156.402	390.811	156.402	390.811	35.213	152	384	9	12	10.048	7.730	82.017	0.618	1.300	0.769	0.748
718	2	255	255	255	296	384.500	296	384.500	4.243	295	384	2	1	2.257	1.128	0	1	2	0.500	1
719	5	255	255	255	329.300	384.900	329.300	384.900	7.071	328	384	3	2	3.144	2.025	18.435	1	1.553	0.644	0.909
720	3	255	255	255	45.833	386.167	45.833	386.167	5.657	45	385	2	2	2.365	1.615	135.000	1	1.464	0.683	0.857
721	18	255	255	255	96.611	387.944	96.611	387.944	15.314	94	385	5	5	5.105	4.489	149.089	0.965	1.137	0.879	0.878
722	3	255	255	255	224.833	386.167	224.833	386.167	5.657	224	385	2	2	2.365	1.615	135.000	1	1.464	0.683	0.857
723	1	255	255	255	379.500	385.500	379.500	385.500	2.828	379	385	1	1	1.128	1.128	0	1	1	1.000	1
724	4	255	255	255	176.500	387	176.500	387	7.071	175	386	3	2	3.216	1.583	148.283	1	2.031	0.492	0.800
725	1	255	255	255	300.500	386.500	300.500	386.500	2.828	300	386	1	1	1.128	1.128	0	1	1	1.000	1
726	15	255	255	255	382.967	389.367	382.967	389.367	13.314	381	387	4	5	4.640	4.116	75.964	1	1.127	0.887	0.857
727	33	255	255	255	111.439	391.833	111.439	391.833	23.799	107	388	9	7	9.500	4.423	29.618	0.732	2.148	0.466	0.767
728	29	255	255	255	201.776	390.569	201.776	390.569	20.142	198	388	7	6	6.842	5.397	26.835	0.898	1.268	0.789	0.853
729	29	255	255	255	309.259	393.259	309.259	393.259	24.971	306	388	6	9	8.045	4.590	64.599	0.584	1.753	0.571	0.734
730	13	255	255	255	228.115	390.885	228.115	390.885	11.899	226	389	4	4	4.380	3.779	45.000	1	1.159	0.863	0.897
731	1	255	255	255	291.500	389.500	291.500	389.500	2.828	291	389	1	1	1.128	1.128	0	1	1	1.000	1
732	19	255	255	255	17.079	391.921	17.079	391.921	15.314	14	390	6	4	6.007	4.028	174.418	1	1.491	0.671	0.884
733	27	255	255	255	193.796	392.796	193.796	392.796	20.142	190	390	7	6	7.976	4.310	31.209	0.836	1.851	0.540	0.831
734	4	255	255	255	237	391	237	391	5.657	236	390	2	2	2.257	2.257	0	1	1	1.000	1
735	54	255	255	255	265.074	394.907	265.074	394.907	26.385	261	390	8	9	8.913	7.714	117.465	0.975	1.155	0.865	0.908
736	99	255	255	255	373.884	396.278	373.884	396.278	52.184	365	390	16	13	15.401	8.185	141.198	0.457	1.882	0.531	0.725
737	4	255	255	255	221	392	221	392	5.657	220	391	2	2	2.257	2.257	0	1	1	1.000	1
738	33	255	255	255	340.076	394.409	340.076	394.409	20.728	337	391	6	7	7.929	5.299	60.863	0.965	1.496	0.668	0.904
739	6	255	255	255	3.333	393.667	3.333	393.667	8.485	2	392	3	3	3.140	2.433	45.000	1	1.291	0.775	0.800
740	84	255	255	255	252.238	397.024	252.238	397.024	32.971	247	392	10	10	11.032	9.695	47.859	0.971	1.138	0.879	0.939
741	12	255	255	255	186.083	395.250	186.083	395.250	11.899	184	393	4	4	4.424	3.453	147.933	1	1.281	0.780	0.857
742	2	255	255	255	404.500	394	404.500	394	4.828	404	393	1	2	2.257	1.128	90	1	2	0.500	1
743	4	255	255	255	64.500	395.250	64.500	395.250	7.071	63	394	3	2	2.734	1.863	0	1	1.468	0.681	0.800
744	1	255	255	255	80.500	395.500	80.500	395.500	2.828	80	395	1	1	1.128	1.128	0	1	1	1.000	1
745	17	255	255	255	232.029	397.618	232.029	397.618	14.485	230	395	4	5	5.476	3.953	59.036	1	1.385	0.722	0.919
746	42	255	255	255	30.524	400.762	30.524	400.762	30.627	27	396	8	10	8.971	5.961	65.002	0.563	1.505	0.664	0.724
747	11	255	255	255	116.955	397.864	116.955	397.864	11.314	115	396	4	4	3.994	3.507	18.435	1	1.139	0.878	0.815
748	5	255	255	255	291.700	397.100	291.700	397.100	7.657	290	396	3	2	3.144	2.025	18.435	1	1.553	0.644	0.909
749	11	255	255	255	46.136	398.409	46.136	398.409	11.071	44	397	4	3	4.384	3.195	164.929	1	1.372	0.729	0.957
750	69	255	255	255	52.283	403.703	52.283	403.703	46.284	46	397	11	11	10.959	8.017	59.098	0.405	1.367	0.732	0.734
751	41	255	255	255	141.988	401.378	141.988	401.378	24.385	138	397	8	8	9.492	5.500	138.206	0.866	1.726	0.579	0.863
752	8	255	255	255	332.375	398.375	332.375	398.375	9.071	331	397	3	3	3.538	2.879	45.000	1	1.229	0.814	0.941
753	14	255	255	255	355.143	398.786	355.143	398.786	13.071	353	397	4	4	4.699	3.794	144.485	1	1.239	0.807	0.933
754	7	255	255	255	385.786	398.500	385.786	398.500	9.071	384	397	3	3	3.086	2.888	90.000	1	1.069	0.936	0.875
755	25	255	255	255	173.860	401.100	173.860	401.100	22.385	170	398	8	6	7.908	4.025	25.786	0.627	1.965	0.509	0.704
756	38	255	255	255	241.447	402.421	241.447	402.421	28.385	238	398	7	10	10.974	4.409	115.923	0.593	2.489	0.402	0.724
757	8	255	255	255	204	400.500	204	400.500	9.899	202	399	4	3	3.489	2.919	0	1	1.195	0.837	0.800
758	1	255	255	255	211.500	399.500	211.500	399.500	2.828	211	399	1	1	1.128	1.128	0	1	1	1.000	1
759	17	255	255	255	10.088	402.441	10.088	402.441	14.485	8	400	4	5	5.692	3.803	114.902	1	1.497	0.668	0.919
760	1	255	255	255	261.500	400.500	261.500	400.500	2.828	261	400	1	1	1.128	1.128	0	1	1	1.000	1
761	23	255	255	255	369.022	404.370	369.022	404.370	20.728	366	401	6	7	8.616	3.399	118.278	0.673	2.535	0.394	0.754
762	4	255	255	255	155	403	155	403	5.657	154	402	2	2	2.257	2.257	0	1	1	1.000	1
763	24	255	255	255	261.083	404.292	261.083	404.292	18.142	258	402	7	5	6.945	4.400	25.221	0.916	1.579	0.633	0.842
764	5	255	255	255	360.100	403.300	360.100	403.300	7.657	359	402	2	3	3.144	2.025	108.435	1	1.553	0.644	0.909
765	8	255	255	255	104.500	405	104.500	405	10.485	103	403	3	4	3.489	2.919	90.000	0.914	1.195	0.837	0.800
766	10	255	255	255	404.700	405.400	404.700	405.400	12.485	403	403	3	5	4.639	2.745	110.621	0.806	1.690	0.592	0.833
767	18	255	255	255	215.278	406.333	215.278	406.333	15.314	212	404	6	4	5.729	4.000	4.593	0.965	1.432	0.698	0.878
768	2	255	255	255	269	404.500	269	404.500	4.243	268	404	2	1	2.257	1.128	0	1	2	0.500	1
769	14	255	255	255	330.214	406	330.214	406	12.485	328	404	4	4	4.264	4.181	90.000	1	1.020	0.981	0.933
770	8	255	255	255	83.750	406.875	83.750	406.875	10.485	82	405	4	3	3.824	2.664	162.704	0.914	1.435	0.697	0.842
771	4	255	255	255	68	407	68	407	5.657	67	406	2	2	2.257	2.257	0	1	1	1.000	1
772	7	255	255	255	90.929	407.214	90.929	407.214	11.657	88	406	5	2	5.155	1.729	9.615	0.647	2.982	0.335	0.824
773	7	255	255	255	230.214	407.357	230.214	407.357	13.071	227	406	6	2	5.862	1.520	3.942	0.515	3.856	0.259	0.737
774	1	255	255	255	272.500	406.500	272.500	406.500	2.828	272	406	1	1	1.128	1.128	0	1	1	1.000	1
775	2	255	255	255	1	407.500	1	407.500	4.243	0	407	2	1	2.257	1.128	0	1	2	0.500	1
776	2	255	255	255	27	407.500	27	407.500	4.243	26	407	2	1	2.257	1.128	0	1	2	0.500	1
777	2	255	255	255	113	407.500	113	407.500	4.243	112	407	2	1	2.257	1.128	0	1	2	0.500	1
778	3	255	255	255	136.500	407.500	136.500	407.500	6.243	135	407	3	1	3.385	1.128	0	0.967	3	0.333	1
779	3	255	255	255	178.500	407.500	178.500	407.500	6.243	177	407	3	1	3.385	1.128	0	0.967	3	0.333	1
780	2	255	255	255	389	407.500	389	407.500	4.243	388	407	2	1	2.257	1.128	0	1	2	0.500	1
